Ave	FracMissing
3642.50	0.000000
2809.70	0.000000
2675.70	0.000000
1565.20	0.000000
1413.68	0.000000
1389.94	0.000000
1321.90	0.000000
1148.60	0.000000
1084.20	0.000000
1067.30	0.000000
1012.70	0.000000
953.40	0.000000
953.00	0.000000
903.80	0.000000
893.70	0.000000
893.30	0.000000
725.70	0.000000
699.30	0.000000
680.36	0.000000
674.42	0.000000
601.70	0.000000
600.20	0.000000
580.20	0.000000
579.30	0.000000
576.70	0.000000
569.80	0.000000
568.70	0.000000
541.30	0.000000
532.60	0.000000
502.30	0.000000
498.25	0.000000
495.40	0.000000
493.30	0.000000
491.14	0.000000
480.40	0.000000
477.20	0.000000
473.00	0.000000
469.90	0.000000
467.30	0.000000
465.10	0.000000
440.00	0.000000
436.70	0.000000
436.40	0.000000
429.40	0.000000
426.00	0.000000
424.30	0.000000
422.30	0.000000
420.86	0.000000
401.50	0.000000
395.80	0.000000
386.70	0.000000
373.58	0.000000
371.20	0.000000
365.70	0.000000
353.80	0.000000
341.40	0.000000
320.60	0.000000
319.20	0.000000
318.90	0.000000
318.50	0.000000
317.50	0.000000
315.18	0.000000
309.53	0.000000
305.00	0.000000
300.30	0.000000
297.50	0.000000
297.10	0.000000
296.38	0.000000
294.09	0.000000
292.80	0.000000
284.40	0.000000
266.20	0.000000
262.97	0.000000
262.90	0.000000
262.70	0.000000
256.40	0.000000
255.71	0.000000
253.80	0.000000
251.50	0.000000
247.57	0.000000
241.20	0.000000
239.72	0.000000
237.40	0.000000
234.90	0.000000
234.50	0.000000
234.40	0.000000
232.40	0.000000
229.80	0.000000
227.90	0.000000
224.40	0.000000
222.46	0.000000
220.29	0.000000
219.30	0.000000
217.64	0.000000
216.40	0.000000
216.10	0.000000
213.30	0.000000
212.80	0.000000
212.30	0.000000
209.30	0.000000
207.78	0.000000
207.60	0.000000
206.69	0.000000
205.60	0.000000
203.20	0.000000
202.60	0.000000
200.49	0.000000
199.80	0.000000
199.75	0.000000
199.10	0.000000
195.26	0.000000
194.90	0.000000
194.40	0.000000
194.00	0.000000
191.30	0.000000
189.30	0.000000
189.30	0.000000
189.00	0.000000
189.00	0.000000
186.33	0.000000
186.00	0.000000
184.98	0.000000
184.43	0.000000
183.00	0.000000
182.40	0.000000
180.80	0.000000
178.40	0.000000
177.40	0.000000
177.10	0.000000
176.90	0.000000
176.70	0.000000
176.60	0.000000
176.20	0.000000
175.60	0.000000
172.70	0.000000
171.80	0.000000
171.40	0.000000
169.56	0.000000
169.47	0.000000
169.45	0.000000
169.00	0.000000
167.90	0.000000
167.80	0.000000
166.50	0.000000
165.90	0.000000
165.30	0.000000
165.10	0.000000
163.10	0.000000
163.10	0.000000
162.10	0.000000
161.74	0.000000
161.70	0.000000
160.19	0.000000
159.72	0.000000
159.60	0.000000
157.27	0.000000
156.60	0.000000
155.40	0.000000
155.40	0.000000
155.30	0.000000
154.33	0.000000
152.00	0.000000
151.60	0.000000
148.90	0.000000
145.46	0.000000
145.00	0.000000
144.80	0.000000
143.50	0.000000
141.60	0.000000
141.49	0.000000
138.10	0.000000
137.70	0.000000
137.18	0.000000
137.00	0.000000
135.22	0.000000
133.90	0.000000
132.50	0.000000
130.50	0.000000
130.40	0.000000
128.63	0.000000
128.30	0.000000
127.60	0.000000
127.20	0.000000
124.79	0.000000
124.70	0.000000
123.91	0.000000
123.70	0.000000
123.50	0.000000
123.23	0.000000
123.00	0.000000
122.40	0.000000
121.90	0.000000
121.80	0.000000
121.60	0.000000
118.65	0.000000
118.24	0.000000
118.10	0.000000
117.84	0.000000
117.80	0.000000
117.70	0.000000
117.50	0.000000
117.00	0.000000
116.90	0.000000
116.70	0.000000
116.10	0.000000
115.50	0.000000
115.40	0.000000
115.25	0.000000
114.30	0.000000
114.20	0.000000
113.60	0.000000
113.40	0.000000
112.60	0.000000
112.20	0.000000
111.93	0.000000
111.90	0.000000
111.80	0.000000
111.76	0.000000
111.60	0.000000
111.40	0.000000
111.00	0.000000
110.50	0.000000
109.70	0.000000
109.50	0.000000
109.15	0.000000
109.10	0.000000
108.50	0.000000
108.50	0.000000
108.01	0.000000
107.50	0.000000
106.79	0.000000
106.78	0.000000
106.40	0.000000
105.90	0.000000
105.60	0.000000
105.40	0.000000
104.80	0.000000
104.10	0.000000
103.40	0.000000
103.18	0.000000
102.75	0.000000
102.65	0.000000
101.10	0.000000
101.00	0.000000
100.97	0.000000
100.35	0.000000
100.08	0.000000
100.00	0.000000
99.90	0.000000
99.80	0.000000
99.60	0.000000
99.30	0.000000
99.20	0.000000
99.10	0.000000
99.00	0.000000
98.70	0.000000
98.63	0.000000
98.10	0.000000
98.00	0.000000
97.74	0.000000
97.40	0.000000
97.20	0.000000
94.30	0.000000
94.20	0.000000
94.00	0.000000
93.65	0.000000
93.50	0.000000
92.70	0.000000
92.70	0.000000
92.10	0.000000
92.00	0.000000
91.89	0.000000
91.50	0.000000
91.50	0.000000
91.40	0.000000
91.30	0.000000
91.20	0.000000
90.90	0.000000
90.90	0.000000
90.60	0.000000
90.46	0.000000
90.20	0.000000
90.00	0.000000
89.92	0.000000
89.90	0.000000
89.90	0.000000
89.90	0.000000
89.32	0.000000
89.10	0.000000
89.00	0.000000
88.68	0.000000
88.40	0.000000
88.30	0.000000
88.30	0.000000
88.20	0.000000
88.10	0.000000
87.70	0.000000
87.60	0.000000
87.58	0.000000
87.25	0.000000
86.80	0.000000
86.70	0.000000
86.48	0.000000
86.04	0.000000
86.00	0.000000
85.60	0.000000
84.80	0.000000
84.80	0.000000
84.60	0.000000
84.50	0.000000
84.40	0.000000
84.40	0.000962
84.30	0.000958
84.10	0.000955
83.90	0.000952
83.90	0.000949
83.70	0.000946
83.70	0.000943
83.60	0.000940
83.60	0.000938
83.10	0.000935
83.10	0.000932
83.02	0.000929
83.00	0.000926
82.18	0.000923
82.10	0.000920
82.00	0.000917
81.40	0.000915
81.20	0.000912
81.20	0.000909
80.90	0.000906
80.30	0.000904
80.20	0.000901
79.60	0.000898
79.20	0.000896
79.20	0.000893
79.10	0.000890
79.00	0.000888
78.93	0.000885
78.49	0.000882
78.30	0.000880
78.30	0.000877
78.30	0.000875
77.90	0.000872
77.70	0.000870
77.70	0.000867
77.70	0.000865
77.20	0.000862
77.10	0.000860
76.90	0.000857
76.80	0.000855
76.80	0.000852
76.50	0.000850
76.40	0.000847
76.10	0.000845
76.00	0.000843
76.00	0.000840
76.00	0.000838
75.80	0.000836
75.80	0.000833
75.70	0.000831
75.67	0.000829
75.60	0.000826
75.48	0.000824
75.13	0.000822
75.00	0.000820
74.80	0.000817
74.80	0.000815
74.50	0.000813
74.50	0.000811
74.20	0.000809
74.00	0.000806
73.90	0.000804
73.30	0.000802
73.30	0.000800
73.29	0.000798
72.90	0.000796
72.66	0.000794
72.60	0.000792
72.35	0.000789
72.00	0.000787
72.00	0.000785
71.90	0.000783
71.60	0.000781
71.50	0.000779
71.50	0.000777
71.42	0.000775
71.40	0.000773
71.30	0.000771
71.25	0.000769
70.90	0.000767
70.90	0.000765
70.80	0.000763
70.74	0.000761
70.70	0.000759
70.69	0.000758
70.40	0.000756
70.00	0.000754
69.97	0.000752
69.92	0.000750
69.90	0.000748
69.90	0.000746
69.70	0.000744
69.70	0.000743
69.70	0.000741
69.60	0.000739
69.60	0.000737
69.20	0.000735
69.20	0.000733
69.01	0.000732
69.00	0.000730
68.90	0.000728
68.90	0.000726
68.90	0.000725
68.68	0.000723
68.54	0.000721
68.50	0.000719
68.50	0.000718
68.40	0.000716
68.30	0.000714
68.25	0.000713
68.20	0.000711
68.10	0.000709
68.00	0.000708
67.20	0.000706
67.10	0.000704
67.00	0.000703
67.00	0.000701
66.80	0.000699
66.70	0.000698
66.30	0.000696
66.21	0.000694
66.10	0.000693
66.10	0.000691
66.00	0.000690
65.80	0.000688
65.70	0.000686
65.70	0.000685
65.50	0.000683
65.50	0.000682
65.30	0.000680
65.30	0.000679
65.30	0.000677
65.20	0.000676
64.98	0.000674
64.82	0.000673
64.60	0.000671
64.50	0.000670
64.50	0.000668
64.40	0.000667
64.33	0.000665
64.30	0.000664
64.30	0.000662
63.72	0.000661
63.70	0.000659
63.40	0.000658
63.20	0.000656
62.80	0.000655
62.77	0.000654
62.70	0.000652
62.64	0.000651
62.60	0.000649
62.50	0.000648
62.44	0.000647
62.10	0.000645
61.70	0.000644
61.60	0.000642
61.60	0.000641
61.50	0.000640
61.30	0.000638
61.10	0.000637
61.02	0.000636
61.00	0.000634
60.80	0.000633
60.70	0.000632
60.70	0.000630
60.60	0.000629
60.50	0.000628
60.40	0.000626
60.30	0.000625
60.08	0.000624
60.00	0.000622
60.00	0.000621
59.91	0.000620
59.90	0.000619
59.80	0.000617
59.40	0.000616
59.38	0.000615
59.32	0.000613
59.30	0.000612
59.30	0.000611
59.24	0.000610
59.20	0.000609
59.13	0.000607
59.10	0.000606
59.00	0.000605
59.00	0.000604
58.88	0.000602
58.80	0.000601
58.70	0.000600
58.60	0.000599
58.60	0.000598
58.40	0.000596
58.40	0.000595
58.40	0.000594
57.90	0.000593
57.70	0.000592
57.68	0.000591
57.60	0.000589
57.40	0.000588
56.82	0.000587
56.80	0.000586
56.63	0.000585
56.60	0.000584
56.10	0.000583
56.10	0.000581
56.00	0.000580
55.90	0.000579
55.80	0.000578
55.40	0.000577
55.40	0.000576
55.30	0.000575
55.20	0.000574
55.17	0.000573
55.10	0.000571
55.10	0.000570
54.80	0.000569
54.70	0.000568
54.65	0.000567
54.61	0.000566
54.50	0.000565
54.40	0.000564
54.32	0.001126
54.30	0.001124
54.00	0.001121
53.91	0.001119
53.86	0.001117
53.80	0.001115
53.80	0.001113
53.80	0.001111
53.60	0.001109
53.50	0.001107
53.50	0.001105
53.50	0.001103
53.40	0.001101
53.40	0.001099
53.20	0.001097
52.81	0.001095
52.80	0.001093
52.70	0.001091
52.70	0.001089
52.60	0.001087
52.50	0.001085
52.47	0.001083
52.30	0.001081
52.30	0.001079
52.10	0.001077
52.10	0.001075
52.10	0.001073
52.07	0.001071
52.00	0.001070
51.90	0.001068
51.90	0.001066
51.82	0.001064
51.80	0.001062
51.80	0.001060
51.80	0.001058
51.60	0.001056
51.10	0.001054
51.00	0.001053
51.00	0.001051
50.90	0.001049
50.80	0.001047
50.70	0.001045
50.60	0.001043
50.50	0.001042
50.50	0.001040
50.44	0.001038
50.40	0.001036
50.30	0.001034
50.30	0.001033
50.20	0.001031
50.03	0.001029
49.96	0.001027
49.80	0.001026
49.80	0.001024
49.78	0.001022
49.70	0.001020
49.61	0.001019
49.40	0.001017
49.30	0.001015
49.30	0.001014
49.20	0.001012
49.00	0.001010
48.86	0.001008
48.80	0.001007
48.75	0.001005
48.72	0.001003
48.50	0.001002
48.40	0.001000
48.30	0.000998
48.30	0.000997
48.20	0.000995
48.10	0.000993
48.00	0.000992
48.00	0.000990
47.90	0.000988
47.70	0.000987
47.70	0.000985
47.60	0.000984
47.60	0.000982
47.50	0.000980
47.40	0.000979
47.30	0.000977
47.10	0.000976
47.10	0.000974
47.00	0.000972
46.90	0.000971
46.90	0.000969
46.70	0.000968
46.70	0.000966
46.70	0.000965
46.70	0.000963
46.62	0.000962
46.60	0.000960
46.55	0.000958
46.50	0.000957
46.50	0.000955
46.41	0.000954
46.32	0.000952
46.30	0.000951
46.30	0.000949
46.30	0.000948
46.20	0.000946
46.18	0.000945
46.10	0.000943
46.10	0.000942
45.90	0.000940
45.90	0.000939
45.80	0.000938
45.80	0.000936
45.74	0.000935
45.50	0.000933
45.50	0.000932
45.50	0.000930
45.30	0.000929
45.30	0.000927
45.30	0.000926
45.19	0.000924
45.00	0.000923
44.92	0.000922
44.80	0.000920
44.63	0.000919
44.50	0.000917
44.40	0.000916
44.40	0.000915
44.40	0.000913
44.30	0.000912
44.22	0.000910
44.20	0.000909
44.20	0.000908
44.10	0.000906
44.00	0.000905
44.00	0.000904
44.00	0.000902
43.80	0.000901
43.79	0.000900
43.70	0.000898
43.70	0.000897
43.70	0.000896
43.60	0.000894
43.50	0.000893
43.50	0.000892
43.50	0.000890
43.50	0.000889
43.40	0.000888
43.10	0.000886
42.91	0.000885
42.87	0.000884
42.70	0.000882
42.50	0.000881
42.50	0.000880
42.40	0.000878
42.40	0.000877
42.37	0.000876
42.35	0.000875
42.30	0.000873
42.20	0.000872
42.20	0.000871
41.90	0.000870
41.80	0.000868
41.80	0.000867
41.70	0.000866
41.70	0.000865
41.69	0.000863
41.63	0.000862
41.40	0.000861
41.30	0.000860
41.20	0.000858
41.10	0.000857
41.10	0.000856
41.10	0.000855
41.00	0.000853
40.90	0.000852
40.90	0.000851
40.80	0.000850
40.80	0.000849
40.80	0.000847
40.68	0.000846
40.50	0.000845
40.50	0.000844
40.40	0.000843
40.25	0.000982
40.10	0.000980
40.10	0.000979
40.07	0.000978
40.00	0.000976
40.00	0.000975
39.90	0.000974
39.80	0.000972
39.60	0.000971
39.60	0.000970
39.60	0.000968
39.50	0.000967
39.50	0.000966
39.40	0.000964
39.30	0.000963
39.20	0.000962
39.10	0.000960
39.10	0.000959
39.00	0.000958
39.00	0.000956
39.00	0.000955
38.90	0.000954
38.80	0.000952
38.80	0.000951
38.70	0.000950
38.70	0.000949
38.70	0.000947
38.70	0.000946
38.60	0.000945
38.40	0.000943
38.40	0.000942
38.40	0.000941
38.23	0.000940
38.20	0.000938
38.10	0.000937
38.10	0.000936
38.10	0.000935
38.10	0.000933
38.10	0.000932
38.05	0.000931
38.00	0.000930
37.90	0.000928
37.90	0.000927
37.90	0.000926
37.89	0.000925
37.80	0.000923
37.80	0.000922
37.70	0.000921
37.70	0.000920
37.70	0.000919
37.60	0.000917
37.60	0.000916
37.50	0.000915
37.50	0.000914
37.30	0.000913
37.20	0.000911
37.20	0.000910
37.10	0.000909
37.08	0.000908
37.00	0.000907
36.90	0.000906
36.80	0.000904
36.70	0.000903
36.70	0.000902
36.70	0.000901
36.68	0.000900
36.58	0.000899
36.50	0.000897
36.50	0.000896
36.25	0.000895
36.20	0.000894
35.86	0.000893
35.70	0.000892
35.70	0.000891
35.70	0.000889
35.70	0.000888
35.60	0.000887
35.52	0.000886
35.50	0.000885
35.40	0.000884
35.40	0.000883
35.40	0.000882
35.30	0.000881
35.30	0.000879
35.20	0.000878
35.20	0.000877
35.15	0.000876
35.10	0.000875
35.10	0.000874
35.10	0.000873
35.10	0.000872
35.06	0.000871
35.00	0.000870
35.00	0.000868
34.95	0.000867
34.90	0.000866
34.90	0.000865
34.80	0.000864
34.70	0.000863
34.70	0.000862
34.63	0.000861
34.60	0.000860
34.50	0.000859
34.40	0.000858
34.40	0.000857
34.40	0.000856
34.32	0.000855
34.32	0.000854
34.30	0.000853
34.20	0.000852
34.20	0.000851
34.15	0.000850
34.14	0.000848
34.08	0.000847
34.00	0.000846
33.90	0.000845
33.90	0.000844
33.80	0.000843
33.80	0.000842
33.73	0.000841
33.71	0.000840
33.60	0.000839
33.60	0.000838
33.59	0.000837
33.50	0.000836
33.40	0.000835
33.20	0.000834
32.90	0.000833
32.86	0.000832
32.86	0.000831
32.80	0.000830
32.80	0.000829
32.70	0.000828
32.60	0.000827
32.60	0.000826
32.57	0.000825
32.50	0.000824
32.36	0.000824
32.30	0.000823
32.20	0.000822
32.10	0.000821
32.10	0.000820
32.02	0.000819
32.00	0.000818
32.00	0.000817
31.90	0.000816
31.90	0.000815
31.90	0.000814
31.80	0.000813
31.78	0.000812
31.70	0.000927
31.70	0.000926
31.70	0.000925
31.60	0.000924
31.50	0.000923
31.50	0.000922
31.50	0.000921
31.49	0.000920
31.40	0.000918
31.39	0.000917
31.38	0.000916
31.30	0.000915
31.20	0.000914
31.14	0.000913
31.10	0.000912
31.00	0.000911
31.00	0.000910
31.00	0.000909
30.97	0.000908
30.91	0.000907
30.91	0.000906
30.90	0.000905
30.90	0.000904
30.90	0.000903
30.70	0.000902
30.60	0.000901
30.50	0.000900
30.50	0.000899
30.50	0.000898
30.40	0.000897
30.40	0.000896
30.40	0.000895
30.20	0.000894
30.20	0.000893
30.20	0.000892
30.20	0.000891
30.20	0.000890
30.10	0.000889
30.10	0.000888
30.10	0.000887
30.10	0.000886
30.00	0.000885
30.00	0.000884
30.00	0.000883
30.00	0.000882
29.90	0.000881
29.90	0.000880
29.90	0.000879
29.80	0.000878
29.80	0.000877
29.72	0.000876
29.70	0.000875
29.70	0.000874
29.69	0.000873
29.60	0.000872
29.60	0.000871
29.60	0.000871
29.60	0.000870
29.50	0.000869
29.45	0.000868
29.40	0.000867
29.40	0.000866
29.40	0.000865
29.30	0.000864
29.30	0.000863
29.30	0.000862
29.24	0.000861
29.20	0.000860
29.20	0.000859
29.14	0.000858
29.00	0.000857
29.00	0.000857
28.90	0.000856
28.90	0.000855
28.80	0.000854
28.80	0.000853
28.70	0.000852
28.70	0.000851
28.60	0.000850
28.60	0.000849
28.60	0.000848
28.57	0.000847
28.50	0.000847
28.50	0.000846
28.40	0.000845
28.40	0.000844
28.37	0.000843
28.30	0.000842
28.30	0.000841
28.30	0.000840
28.30	0.000839
28.21	0.000839
28.20	0.000838
28.20	0.000837
28.20	0.000836
28.14	0.000835
28.10	0.000834
28.10	0.000833
28.00	0.000832
28.00	0.000832
28.00	0.000831
28.00	0.000830
27.90	0.000829
27.90	0.000828
27.90	0.000827
27.90	0.000826
27.90	0.000826
27.85	0.000825
27.80	0.000824
27.80	0.000823
27.70	0.000822
27.70	0.000821
27.68	0.000821
27.64	0.000820
27.60	0.000819
27.60	0.000818
27.60	0.000817
27.60	0.000816
27.60	0.000815
27.50	0.000815
27.50	0.000814
27.50	0.000813
27.40	0.000812
27.30	0.000811
27.30	0.000811
27.30	0.000810
27.10	0.000809
27.10	0.000808
27.00	0.000807
27.00	0.000806
27.00	0.000806
26.90	0.000805
26.90	0.000804
26.90	0.000803
26.80	0.000802
26.80	0.000802
26.70	0.000801
26.70	0.000800
26.60	0.000799
26.59	0.000798
26.40	0.000798
26.38	0.000797
26.30	0.000796
26.30	0.000795
26.10	0.000794
26.00	0.000794
26.00	0.000793
26.00	0.000792
25.90	0.000791
25.90	0.000791
25.90	0.000790
25.80	0.000789
25.61	0.000788
25.60	0.000787
25.60	0.000787
25.60	0.000786
25.60	0.000785
25.60	0.000784
25.60	0.000784
25.50	0.000783
25.40	0.000782
25.33	0.000781
25.30	0.000780
25.20	0.000780
25.12	0.000779
25.10	0.000778
25.10	0.000777
25.10	0.000777
25.10	0.000776
25.10	0.000775
25.07	0.000774
25.00	0.000774
25.00	0.000773
25.00	0.000772
24.96	0.000771
24.90	0.000771
24.80	0.000770
24.80	0.000769
24.80	0.000768
24.80	0.000768
24.80	0.000767
24.80	0.000766
24.75	0.000766
24.70	0.000765
24.70	0.000764
24.69	0.000763
24.60	0.000763
24.60	0.000762
24.60	0.000761
24.60	0.000760
24.56	0.000760
24.50	0.000759
24.50	0.000758
24.50	0.000758
24.40	0.000757
24.40	0.000756
24.38	0.000755
24.30	0.000755
24.30	0.000754
24.10	0.000753
24.10	0.000753
24.10	0.000752
24.00	0.000751
24.00	0.000750
24.00	0.000750
23.90	0.000749
23.90	0.000748
23.90	0.000748
23.90	0.000747
23.83	0.000746
23.80	0.000746
23.80	0.000745
23.70	0.000744
23.70	0.000743
23.70	0.000743
23.63	0.000742
23.60	0.000741
23.60	0.000741
23.50	0.000740
23.50	0.000739
23.48	0.000739
23.40	0.000738
23.40	0.000737
23.40	0.000737
23.40	0.000736
23.30	0.000735
23.30	0.000735
23.30	0.000734
23.30	0.000733
23.30	0.000733
23.24	0.000732
23.21	0.000731
23.20	0.000731
23.20	0.000730
23.20	0.000729
23.10	0.000729
23.10	0.000728
23.10	0.000727
23.10	0.000727
23.03	0.000726
23.02	0.000725
23.00	0.000725
23.00	0.000724
23.00	0.000723
22.90	0.000723
22.90	0.000722
22.90	0.000721
22.90	0.000721
22.86	0.000720
22.80	0.000719
22.80	0.000719
22.80	0.000718
22.80	0.000717
22.80	0.000717
22.71	0.000716
22.60	0.000716
22.60	0.000715
22.60	0.000714
22.57	0.000714
22.51	0.000713
22.50	0.000712
22.50	0.000712
22.50	0.000711
22.50	0.000710
22.48	0.000710
22.48	0.000709
22.40	0.000709
22.40	0.000708
22.33	0.000707
22.30	0.000707
22.30	0.000706
22.30	0.000705
22.30	0.000705
22.20	0.000704
22.20	0.000704
22.20	0.000703
22.10	0.000702
22.00	0.000702
22.00	0.000701
21.90	0.000701
21.90	0.000700
21.90	0.000699
21.85	0.000699
21.80	0.000698
21.73	0.000697
21.70	0.000697
21.66	0.000696
21.60	0.000696
21.60	0.000695
21.60	0.000694
21.60	0.000694
21.52	0.000693
21.50	0.000693
21.50	0.000692
21.50	0.000691
21.50	0.000691
21.40	0.000690
21.40	0.000690
21.40	0.000689
21.40	0.000688
21.40	0.000688
21.32	0.000687
21.30	0.000687
21.30	0.000686
21.30	0.000686
21.30	0.000685
21.30	0.000684
21.30	0.000684
21.27	0.000683
21.20	0.000683
21.20	0.000682
21.10	0.000681
21.10	0.000681
21.06	0.000680
21.00	0.000680
21.00	0.000679
20.90	0.000679
20.90	0.000678
20.90	0.000677
20.90	0.000677
20.80	0.000676
20.80	0.000676
20.80	0.000675
20.70	0.000675
20.70	0.000674
20.68	0.000673
20.60	0.000673
20.60	0.000672
20.60	0.000672
20.60	0.000671
20.60	0.000671
20.50	0.000838
20.50	0.000837
20.40	0.000836
20.40	0.000835
20.40	0.000835
20.40	0.000834
20.40	0.000833
20.40	0.000833
20.30	0.000832
20.30	0.000831
20.30	0.000831
20.30	0.000830
20.30	0.000829
20.30	0.000829
20.30	0.000828
20.20	0.000827
20.20	0.000826
20.10	0.000826
20.10	0.000825
20.10	0.000824
20.10	0.000824
20.09	0.000823
20.08	0.000822
20.02	0.000822
20.00	0.000821
20.00	0.000820
20.00	0.000820
20.00	0.000819
20.00	0.000818
19.90	0.000818
19.90	0.000817
19.90	0.000816
19.90	0.000816
19.90	0.000815
19.90	0.000814
19.90	0.000814
19.84	0.000813
19.80	0.000812
19.80	0.000812
19.80	0.000811
19.80	0.000810
19.80	0.000810
19.80	0.000809
19.80	0.000808
19.70	0.000808
19.70	0.000807
19.70	0.000806
19.62	0.000806
19.61	0.000805
19.60	0.000805
19.60	0.000804
19.60	0.000803
19.60	0.000803
19.60	0.000802
19.50	0.000801
19.50	0.000801
19.50	0.000800
19.50	0.000799
19.50	0.000799
19.50	0.000798
19.50	0.000797
19.47	0.000797
19.40	0.000796
19.40	0.000796
19.39	0.000795
19.30	0.000794
19.30	0.000794
19.21	0.000793
19.20	0.000792
19.20	0.000792
19.20	0.000791
19.14	0.000791
19.07	0.000790
19.00	0.000789
19.00	0.000789
19.00	0.000788
18.90	0.000787
18.90	0.000787
18.90	0.000786
18.88	0.000786
18.80	0.000785
18.80	0.000784
18.80	0.000784
18.80	0.000783
18.80	0.000782
18.80	0.000782
18.80	0.000781
18.80	0.000781
18.79	0.000780
18.77	0.000779
18.72	0.000779
18.70	0.000778
18.70	0.000778
18.70	0.000777
18.67	0.000776
18.63	0.000776
18.60	0.000853
18.60	0.000852
18.50	0.000851
18.40	0.000851
18.40	0.000850
18.31	0.000849
18.30	0.000849
18.30	0.001002
18.30	0.001002
18.30	0.001001
18.20	0.001000
18.20	0.000999
18.20	0.000998
18.20	0.000998
18.18	0.000997
18.18	0.000996
18.10	0.000995
18.10	0.000995
18.00	0.000994
18.00	0.000993
18.00	0.000992
18.00	0.000992
18.00	0.000991
18.00	0.000990
17.90	0.000989
17.90	0.000989
17.90	0.000988
17.90	0.000987
17.88	0.000986
17.87	0.000986
17.80	0.000985
17.80	0.000984
17.70	0.000983
17.70	0.000983
17.70	0.000982
17.60	0.000981
17.60	0.000980
17.60	0.000980
17.60	0.000979
17.58	0.000978
17.50	0.000977
17.50	0.000977
17.50	0.000976
17.40	0.000975
17.40	0.000975
17.40	0.000974
17.40	0.000973
17.40	0.000972
17.40	0.000972
17.30	0.000971
17.30	0.000970
17.20	0.000969
17.20	0.001267
17.20	0.001266
17.20	0.001265
17.20	0.001264
17.20	0.001263
17.20	0.001262
17.20	0.001335
17.20	0.001334
17.20	0.001333
17.20	0.001332
17.20	0.001331
17.10	0.001330
17.10	0.001329
17.10	0.001328
17.10	0.001327
17.06	0.001326
17.00	0.001325
17.00	0.001325
17.00	0.001324
17.00	0.001323
17.00	0.001322
17.00	0.001321
17.00	0.001320
17.00	0.001319
16.99	0.001318
16.97	0.001317
16.90	0.001316
16.90	0.001315
16.86	0.001314
16.80	0.001313
16.80	0.001312
16.80	0.001311
16.80	0.001310
16.80	0.001309
16.75	0.001308
16.70	0.001307
16.70	0.001306
16.62	0.001305
16.60	0.001304
16.50	0.001303
16.50	0.001302
16.47	0.001302
16.43	0.001301
16.40	0.001300
16.40	0.001299
16.40	0.001298
16.40	0.001297
16.40	0.001296
16.40	0.001295
16.40	0.001294
16.39	0.001293
16.36	0.001292
16.30	0.001291
16.30	0.001290
16.30	0.001289
16.30	0.001288
16.30	0.001288
16.30	0.001287
16.30	0.001286
16.30	0.001285
16.30	0.001284
16.30	0.001283
16.20	0.001282
16.20	0.001281
16.20	0.001636
16.20	0.001635
16.18	0.001634
16.10	0.001632
16.10	0.001631
16.10	0.001630
16.10	0.001629
16.10	0.001628
16.06	0.001839
16.05	0.001837
16.03	0.001836
16.00	0.001835
16.00	0.001834
16.00	0.001832
15.90	0.001831
15.90	0.001830
15.90	0.001828
15.90	0.001827
15.89	0.001826
15.81	0.001825
15.80	0.001823
15.80	0.001822
15.80	0.001821
15.80	0.001819
15.80	0.001818
15.80	0.001817
15.80	0.001816
15.80	0.001814
15.70	0.001813
15.70	0.001812
15.70	0.001811
15.70	0.001809
15.70	0.001808
15.70	0.001807
15.60	0.001806
15.60	0.001804
15.50	0.001803
15.50	0.001802
15.50	0.001801
15.50	0.001799
15.40	0.001798
15.40	0.001797
15.40	0.001796
15.40	0.001794
15.38	0.001793
15.30	0.001792
15.23	0.001791
15.20	0.001789
15.20	0.001788
15.20	0.001787
15.20	0.001786
15.20	0.001784
15.20	0.001783
15.10	0.001782
15.10	0.001781
15.10	0.001780
15.00	0.001778
15.00	0.001777
14.92	0.001776
14.90	0.001775
14.90	0.001774
14.90	0.001772
14.82	0.001771
14.80	0.001770
14.80	0.001769
14.80	0.001768
14.80	0.001766
14.72	0.001765
14.70	0.001764
14.70	0.001763
14.70	0.001762
14.70	0.001760
14.68	0.001759
14.67	0.001758
14.67	0.001757
14.60	0.001756
14.60	0.001754
14.60	0.001753
14.50	0.001752
14.50	0.001751
14.50	0.001750
14.50	0.001748
14.50	0.001747
14.50	0.001746
14.47	0.001745
14.46	0.001744
14.44	0.001743
14.40	0.001741
14.40	0.001740
14.40	0.001739
14.40	0.001738
14.40	0.001737
14.40	0.001736
14.38	0.001734
14.36	0.001733
14.33	0.001732
14.30	0.001731
14.30	0.001730
14.30	0.001729
14.30	0.001728
14.30	0.001726
14.30	0.001725
14.29	0.001724
14.28	0.001723
14.28	0.001722
14.20	0.001721
14.20	0.001720
14.20	0.001718
14.19	0.001717
14.10	0.001716
14.10	0.001715
14.10	0.001714
14.10	0.001713
14.10	0.001712
14.10	0.001711
14.08	0.001709
14.04	0.001708
14.00	0.001707
14.00	0.001706
14.00	0.001705
14.00	0.001704
14.00	0.001703
13.90	0.001702
13.90	0.001700
13.90	0.001699
13.90	0.001698
13.90	0.001697
13.90	0.002022
13.90	0.002021
13.90	0.002020
13.90	0.002018
13.90	0.002017
13.90	0.002016
13.89	0.002014
13.85	0.002013
13.80	0.002012
13.80	0.002010
13.80	0.002009
13.80	0.002008
13.80	0.002006
13.80	0.002005
13.80	0.002004
13.80	0.002003
13.80	0.002001
13.80	0.002000
13.80	0.001999
13.80	0.001997
13.80	0.001996
13.77	0.001995
13.74	0.001994
13.70	0.001992
13.70	0.001991
13.68	0.001990
13.60	0.001988
13.60	0.001987
13.60	0.001986
13.60	0.001985
13.60	0.001983
13.53	0.001982
13.50	0.001981
13.50	0.001980
13.50	0.001978
13.50	0.001977
13.50	0.001976
13.40	0.001975
13.40	0.001973
13.40	0.001972
13.40	0.001971
13.40	0.001970
13.30	0.001968
13.30	0.001967
13.30	0.001966
13.30	0.001965
13.30	0.001963
13.30	0.001962
13.30	0.001961
13.30	0.001960
13.30	0.001958
13.20	0.001957
13.20	0.001956
13.20	0.001955
13.20	0.001953
13.20	0.001952
13.20	0.001951
13.10	0.001950
13.10	0.001948
13.10	0.001947
13.10	0.001946
13.10	0.001945
13.10	0.001944
13.10	0.001942
13.10	0.001941
13.09	0.001940
13.03	0.001939
13.00	0.001938
13.00	0.001936
13.00	0.001935
13.00	0.001934
13.00	0.001933
13.00	0.001931
12.99	0.001930
12.97	0.001929
12.92	0.001928
12.90	0.001927
12.90	0.001925
12.90	0.001924
12.90	0.001923
12.90	0.001922
12.90	0.001921
12.90	0.001920
12.88	0.001918
12.80	0.001917
12.80	0.001916
12.80	0.001915
12.80	0.001914
12.70	0.001912
12.70	0.001911
12.70	0.001910
12.70	0.001909
12.70	0.001908
12.70	0.001907
12.70	0.001905
12.70	0.001904
12.70	0.001903
12.67	0.001902
12.66	0.001901
12.60	0.001900
12.60	0.001898
12.60	0.001897
12.60	0.001896
12.60	0.001895
12.60	0.001894
12.60	0.001893
12.60	0.001891
12.50	0.001890
12.50	0.001889
12.50	0.001888
12.50	0.001887
12.50	0.001886
12.50	0.001884
12.50	0.001883
12.40	0.001882
12.40	0.001881
12.40	0.001880
12.37	0.001879
12.32	0.001878
12.30	0.001877
12.30	0.001875
12.29	0.001874
12.29	0.001934
12.27	0.001932
12.20	0.001931
12.20	0.001930
12.20	0.001929
12.20	0.001928
12.20	0.001927
12.20	0.001925
12.19	0.001924
12.10	0.001923
12.10	0.001922
12.10	0.001921
12.10	0.001920
12.10	0.001918
12.10	0.001917
12.10	0.001916
12.10	0.001915
12.10	0.001914
12.10	0.001913
12.10	0.001912
12.05	0.001910
12.00	0.001909
12.00	0.001908
12.00	0.001907
12.00	0.001906
12.00	0.001905
12.00	0.001904
11.92	0.001962
11.90	0.001961
11.90	0.001960
11.90	0.001958
11.90	0.001957
11.90	0.001956
11.90	0.001955
11.90	0.001954
11.90	0.001953
11.83	0.001952
11.81	0.001950
11.80	0.001949
11.80	0.001948
11.80	0.001947
11.80	0.001946
11.80	0.001945
11.80	0.001943
11.80	0.001942
11.80	0.001941
11.80	0.001940
11.80	0.001939
11.80	0.001938
11.80	0.001937
11.80	0.001935
11.80	0.001934
11.76	0.001933
11.70	0.001932
11.70	0.001931
11.70	0.001930
11.70	0.001929
11.60	0.001928
11.60	0.001926
11.60	0.001925
11.60	0.001924
11.60	0.001923
11.53	0.001922
11.53	0.001921
11.50	0.001920
11.50	0.001919
11.50	0.001917
11.48	0.001916
11.47	0.001915
11.46	0.001914
11.40	0.001913
11.40	0.001912
11.40	0.001911
11.40	0.001910
11.40	0.001909
11.38	0.001908
11.34	0.001906
11.30	0.001905
11.30	0.001904
11.30	0.001903
11.30	0.001902
11.30	0.001901
11.30	0.001900
11.30	0.001899
11.21	0.001898
11.20	0.001897
11.20	0.001895
11.20	0.001894
11.20	0.001893
11.20	0.001892
11.20	0.001891
11.20	0.001890
11.20	0.001889
11.17	0.001888
11.16	0.001887
11.12	0.001886
11.10	0.001885
11.10	0.001941
11.10	0.001940
11.10	0.001938
11.10	0.001937
11.08	0.001936
11.08	0.001935
11.00	0.001934
11.00	0.001933
11.00	0.002045
11.00	0.002044
11.00	0.002043
11.00	0.002042
11.00	0.002041
10.95	0.002040
10.90	0.002039
10.90	0.002151
10.90	0.002149
10.90	0.002148
10.90	0.002147
10.90	0.002146
10.90	0.002144
10.90	0.002143
10.90	0.002142
10.90	0.002141
10.90	0.002140
10.80	0.002138
10.80	0.002137
10.80	0.002136
10.80	0.002135
10.80	0.002134
10.80	0.002132
10.80	0.002131
10.80	0.002130
10.70	0.002129
10.70	0.002128
10.70	0.002182
10.70	0.002181
10.70	0.002180
10.70	0.002179
10.70	0.002178
10.70	0.002176
10.70	0.002175
10.70	0.002174
10.70	0.002173
10.69	0.002171
10.67	0.002170
10.66	0.002169
10.66	0.002168
10.60	0.002167
10.60	0.002165
10.60	0.002164
10.60	0.002163
10.60	0.002162
10.59	0.002161
10.54	0.002159
10.50	0.002158
10.50	0.002157
10.50	0.002156
10.50	0.002155
10.50	0.002154
10.50	0.002152
10.50	0.002151
10.50	0.002150
10.50	0.002149
10.46	0.002148
10.43	0.002146
10.41	0.002145
10.40	0.002144
10.40	0.002143
10.40	0.002142
10.40	0.002141
10.40	0.002194
10.40	0.002193
10.33	0.002192
10.33	0.002191
10.32	0.002354
10.30	0.002352
10.30	0.002351
10.30	0.002350
10.30	0.002348
10.30	0.002347
10.30	0.002346
10.30	0.002345
10.30	0.002343
10.30	0.002342
10.30	0.002341
10.24	0.002339
10.20	0.002338
10.20	0.002391
10.20	0.002390
10.20	0.002389
10.20	0.002387
10.20	0.002386
10.10	0.002385
10.10	0.002438
10.10	0.002436
10.10	0.002435
10.07	0.002434
10.03	0.002432
10.00	0.002431
10.00	0.002430
10.00	0.002428
10.00	0.002427
10.00	0.002426
10.00	0.002425
10.00	0.002423
10.00	0.002422
10.00	0.002421
9.98	0.002581
9.91	0.002579
9.90	0.002632
9.90	0.002630
9.90	0.002629
9.90	0.002627
9.90	0.002626
9.90	0.002625
9.90	0.002623
9.90	0.002622
9.90	0.002620
9.90	0.002619
9.90	0.002618
9.90	0.002616
9.90	0.002615
9.88	0.002613
9.87	0.002612
9.80	0.002611
9.80	0.002609
9.80	0.002608
9.80	0.002606
9.80	0.002605
9.80	0.002604
9.80	0.002602
9.80	0.002601
9.80	0.002599
9.80	0.002598
9.80	0.002597
9.76	0.002595
9.74	0.002594
9.72	0.002593
9.70	0.002591
9.70	0.002590
9.70	0.002588
9.70	0.002587
9.70	0.002586
9.70	0.002584
9.70	0.002583
9.69	0.002582
9.60	0.002580
9.60	0.002579
9.60	0.002578
9.60	0.002576
9.60	0.002575
9.60	0.002574
9.60	0.002572
9.60	0.002571
9.50	0.002569
9.50	0.002568
9.50	0.002567
9.50	0.002723
9.50	0.002721
9.50	0.002720
9.50	0.002718
9.50	0.002717
9.48	0.002715
9.45	0.002714
9.40	0.002713
9.40	0.002711
9.40	0.002710
9.40	0.002708
9.36	0.002707
9.30	0.002706
9.30	0.002704
9.30	0.002703
9.30	0.002701
9.30	0.002700
9.30	0.002698
9.30	0.002697
9.30	0.002696
9.30	0.002694
9.30	0.002693
9.30	0.002692
9.30	0.002690
9.30	0.002689
9.28	0.002687
9.26	0.002686
9.21	0.002736
9.20	0.002735
9.20	0.002733
9.20	0.002732
9.20	0.002731
9.20	0.002729
9.20	0.002728
9.20	0.002726
9.20	0.002725
9.20	0.002724
9.20	0.002722
9.20	0.002721
9.20	0.002719
9.20	0.002718
9.20	0.002717
9.20	0.002715
9.18	0.002714
9.10	0.002712
9.10	0.002711
9.10	0.002710
9.10	0.002708
9.10	0.002707
9.10	0.002705
9.10	0.002704
9.10	0.002703
9.10	0.002701
9.10	0.002700
9.07	0.002699
9.03	0.002697
9.00	0.002696
9.00	0.002694
9.00	0.002693
9.00	0.002692
9.00	0.002893
9.00	0.002892
9.00	0.002890
9.00	0.002889
9.00	0.002888
9.00	0.002886
8.94	0.002885
8.92	0.002883
8.91	0.002882
8.90	0.002880
8.90	0.002879
8.90	0.002877
8.90	0.002876
8.90	0.002874
8.90	0.002873
8.80	0.002872
8.80	0.002870
8.80	0.002869
8.80	0.002867
8.80	0.002866
8.80	0.002864
8.80	0.002863
8.80	0.002861
8.80	0.002860
8.80	0.002859
8.80	0.002857
8.70	0.002856
8.70	0.002854
8.70	0.002853
8.70	0.002851
8.70	0.002850
8.70	0.002849
8.70	0.002847
8.70	0.002846
8.70	0.002844
8.67	0.002843
8.63	0.002841
8.60	0.002840
8.60	0.002839
8.60	0.002837
8.60	0.002836
8.60	0.002834
8.60	0.002833
8.60	0.002832
8.60	0.002830
8.60	0.002829
8.60	0.002827
8.60	0.002826
8.60	0.002825
8.60	0.002823
8.60	0.002822
8.60	0.002820
8.60	0.002819
8.60	0.002818
8.58	0.002816
8.57	0.002815
8.54	0.002813
8.52	0.002812
8.50	0.002811
8.50	0.002809
8.50	0.002808
8.50	0.002806
8.50	0.002805
8.50	0.002902
8.50	0.003048
8.50	0.003047
8.50	0.003045
8.50	0.003044
8.50	0.003042
8.50	0.003041
8.48	0.003039
8.46	0.003038
8.45	0.003036
8.40	0.003035
8.40	0.003033
8.40	0.003032
8.40	0.003030
8.40	0.003029
8.40	0.003027
8.40	0.003026
8.39	0.003024
8.37	0.003023
8.33	0.003021
8.30	0.003020
8.30	0.003019
8.30	0.003017
8.30	0.003016
8.26	0.003160
8.25	0.003158
8.24	0.003157
8.20	0.003155
8.20	0.003154
8.20	0.003152
8.20	0.003151
8.20	0.003149
8.20	0.003148
8.20	0.003146
8.20	0.003145
8.20	0.003143
8.20	0.003142
8.20	0.003140
8.20	0.003139
8.20	0.003137
8.20	0.003184
8.10	0.003182
8.10	0.003181
8.10	0.003179
8.10	0.003178
8.10	0.003176
8.10	0.003175
8.10	0.003173
8.10	0.003172
8.10	0.003170
8.10	0.003169
8.10	0.003167
8.10	0.003165
8.10	0.003164
8.10	0.003162
8.00	0.003161
8.00	0.003159
8.00	0.003158
8.00	0.003156
8.00	0.003155
8.00	0.003201
8.00	0.003200
8.00	0.003198
8.00	0.003197
8.00	0.003195
8.00	0.003194
8.00	0.003192
8.00	0.003190
7.99	0.003189
7.91	0.003187
7.90	0.003186
7.90	0.003375
7.90	0.003373
7.90	0.003371
7.90	0.003370
7.90	0.003368
7.90	0.003367
7.90	0.003365
7.90	0.003363
7.85	0.003362
7.80	0.003360
7.80	0.003359
7.80	0.003357
7.80	0.003355
7.80	0.003354
7.80	0.003352
7.80	0.003351
7.80	0.003349
7.80	0.003347
7.80	0.003346
7.80	0.003344
7.80	0.003343
7.72	0.003482
7.72	0.003481
7.72	0.003573
7.70	0.003618
7.70	0.003664
7.70	0.003662
7.70	0.003660
7.70	0.003659
7.70	0.003657
7.70	0.003655
7.70	0.003653
7.70	0.003652
7.70	0.003650
7.70	0.003648
7.70	0.003647
7.66	0.003645
7.60	0.003643
7.60	0.003688
7.60	0.003686
7.60	0.003731
7.60	0.003730
7.60	0.003728
7.60	0.003726
7.60	0.003771
7.60	0.003769
7.60	0.003814
7.60	0.003812
7.60	0.003810
7.60	0.003809
7.60	0.003807
7.56	0.003805
7.56	0.003803
7.50	0.003802
7.50	0.003800
7.50	0.003798
7.50	0.003796
7.50	0.003795
7.50	0.003793
7.50	0.003791
7.50	0.003789
7.50	0.003788
7.50	0.003786
7.50	0.003784
7.50	0.003782
7.50	0.003781
7.41	0.003779
7.41	0.003777
7.40	0.003775
7.40	0.003774
7.40	0.003818
7.40	0.003816
7.40	0.003814
7.40	0.003813
7.40	0.003811
7.40	0.003809
7.40	0.003807
7.40	0.003806
7.40	0.003804
7.40	0.003802
7.40	0.003800
7.40	0.003799
7.35	0.003797
7.30	0.003795
7.30	0.003839
7.30	0.003837
7.30	0.003836
7.30	0.003834
7.30	0.003832
7.30	0.003830
7.30	0.003829
7.30	0.003827
7.30	0.003825
7.30	0.003823
7.30	0.003822
7.30	0.003820
7.30	0.003818
7.30	0.003816
7.29	0.003815
7.20	0.003813
7.20	0.003811
7.20	0.003855
7.20	0.003853
7.20	0.003851
7.20	0.003850
7.20	0.003848
7.20	0.003937
7.20	0.003935
7.20	0.003933
7.20	0.003931
7.20	0.003930
7.20	0.003928
7.20	0.003926
7.20	0.003924
7.20	0.003922
7.20	0.003921
7.16	0.003919
7.12	0.003917
7.10	0.003915
7.10	0.003914
7.10	0.003912
7.10	0.003910
7.10	0.003908
7.10	0.003907
7.10	0.003905
7.10	0.003903
7.10	0.003901
7.10	0.003900
7.10	0.003898
7.10	0.003896
7.10	0.003894
7.10	0.003893
7.04	0.003891
7.00	0.003889
7.00	0.003932
7.00	0.003930
7.00	0.003929
7.00	0.003971
7.00	0.003970
7.00	0.003968
7.00	0.003966
7.00	0.003964
7.00	0.003963
7.00	0.003961
7.00	0.003959
7.00	0.003957
7.00	0.003956
7.00	0.003954
7.00	0.003952
7.00	0.003950
6.99	0.003949
6.95	0.003991
6.94	0.003989
6.93	0.003988
6.90	0.003986
6.90	0.003984
6.90	0.003982
6.90	0.003981
6.90	0.003979
6.90	0.003977
6.90	0.003975
6.90	0.003974
6.90	0.003972
6.90	0.003970
6.90	0.004012
6.90	0.004011
6.90	0.004009
6.90	0.004007
6.90	0.004005
6.90	0.004004
6.90	0.004002
6.90	0.004000
6.90	0.003998
6.86	0.003996
6.86	0.003995
6.85	0.003993
6.84	0.003991
6.84	0.003989
6.84	0.003988
6.80	0.003986
6.80	0.004028
6.80	0.004026
6.80	0.004024
6.80	0.004023
6.80	0.004021
6.80	0.004019
6.80	0.004017
6.80	0.004016
6.80	0.004014
6.80	0.004012
6.79	0.004010
6.78	0.004009
6.75	0.004007
6.75	0.004005
6.70	0.004003
6.70	0.004045
6.70	0.004087
6.70	0.004085
6.70	0.004127
6.70	0.004125
6.70	0.004123
6.70	0.004121
6.70	0.004120
6.70	0.004118
6.70	0.004116
6.70	0.004114
6.69	0.004286
6.66	0.004284
6.65	0.004282
6.64	0.004280
6.60	0.004278
6.60	0.004276
6.60	0.004275
6.60	0.004273
6.60	0.004314
6.60	0.004312
6.60	0.004310
6.60	0.004308
6.60	0.004307
6.60	0.004305
6.60	0.004303
6.60	0.004301
6.60	0.004299
6.56	0.004297
6.50	0.004296
6.50	0.004294
6.50	0.004292
6.50	0.004290
6.50	0.004288
6.50	0.004286
6.50	0.004284
6.50	0.004283
6.50	0.004281
6.50	0.004322
6.50	0.004320
6.50	0.004318
6.50	0.004316
6.50	0.004314
6.50	0.004313
6.50	0.004353
6.47	0.004352
6.47	0.004350
6.45	0.004348
6.40	0.004559
6.40	0.004557
6.40	0.004555
6.40	0.004553
6.40	0.004551
6.40	0.004549
6.40	0.004547
6.40	0.004545
6.40	0.004544
6.40	0.004542
6.30	0.004540
6.30	0.004538
6.30	0.004536
6.30	0.004534
6.30	0.004532
6.30	0.004530
6.30	0.004528
6.30	0.004526
6.30	0.004524
6.30	0.004522
6.30	0.004520
6.30	0.004519
6.30	0.004517
6.30	0.004515
6.30	0.004513
6.30	0.004511
6.30	0.004509
6.30	0.004507
6.30	0.004505
6.29	0.004503
6.23	0.004501
6.23	0.004500
6.23	0.004498
6.20	0.004496
6.20	0.004494
6.20	0.004492
6.20	0.004490
6.20	0.004488
6.20	0.004570
6.20	0.004568
6.20	0.004608
6.20	0.004606
6.20	0.004604
6.20	0.004644
6.10	0.004684
6.10	0.004682
6.10	0.004680
6.10	0.004678
6.10	0.004676
6.10	0.004674
6.10	0.004673
6.10	0.004712
6.10	0.004710
6.10	0.004708
6.10	0.004706
6.10	0.004704
6.10	0.004702
6.10	0.004700
6.10	0.004699
6.10	0.004697
6.10	0.004695
6.10	0.004693
6.10	0.004691
6.03	0.004689
6.00	0.004687
6.00	0.004685
6.00	0.004683
6.00	0.004681
6.00	0.004679
6.00	0.004677
6.00	0.004675
6.00	0.004673
6.00	0.004671
6.00	0.004669
6.00	0.004667
6.00	0.004666
5.97	0.004664
5.97	0.004703
5.97	0.004701
5.92	0.004699
5.92	0.004697
5.90	0.004695
5.90	0.004693
5.90	0.004733
5.90	0.004813
5.90	0.004811
5.90	0.004850
5.90	0.004848
5.90	0.004846
5.90	0.004844
5.90	0.004842
5.90	0.004840
5.90	0.004838
5.90	0.004836
5.90	0.004834
5.90	0.004832
5.86	0.004871
5.84	0.004869
5.83	0.004867
5.83	0.004865
5.82	0.004904
5.80	0.004902
5.80	0.004900
5.80	0.004898
5.80	0.004896
5.80	0.004894
5.80	0.004892
5.80	0.005094
5.80	0.005173
5.80	0.005171
5.80	0.005169
5.80	0.005167
5.80	0.005165
5.80	0.005163
5.80	0.005161
5.80	0.005158
5.80	0.005156
5.80	0.005195
5.80	0.005193
5.80	0.005191
5.80	0.005188
5.80	0.005186
5.80	0.005225
5.80	0.005223
5.79	0.005221
5.70	0.005218
5.70	0.005216
5.70	0.005255
5.70	0.005253
5.70	0.005250
5.70	0.005248
5.70	0.005246
5.70	0.005284
5.70	0.005282
5.70	0.005280
5.70	0.005318
5.70	0.005316
5.70	0.005354
5.70	0.005392
5.70	0.005390
5.69	0.005388
5.69	0.005426
5.67	0.005544
5.64	0.005542
5.61	0.005540
5.60	0.005538
5.60	0.005535
5.60	0.005533
5.60	0.005531
5.60	0.005529
5.60	0.005527
5.60	0.005524
5.60	0.005522
5.60	0.005600
5.60	0.005598
5.60	0.005755
5.60	0.005753
5.60	0.005751
5.60	0.005788
5.60	0.005786
5.60	0.005784
5.60	0.005781
5.60	0.005779
5.60	0.005777
5.60	0.005775
5.58	0.005772
5.53	0.005810
5.50	0.005847
5.50	0.005845
5.50	0.005843
5.50	0.005840
5.50	0.005917
5.50	0.005915
5.50	0.005913
5.50	0.005910
5.50	0.005948
5.50	0.005945
5.50	0.005983
5.50	0.005980
5.50	0.005978
5.50	0.005975
5.50	0.005973
5.50	0.005971
5.50	0.005968
5.50	0.006006
5.50	0.006003
5.50	0.006001
5.50	0.005998
5.48	0.005996
5.43	0.005994
5.40	0.005991
5.40	0.005989
5.40	0.005987
5.40	0.005984
5.40	0.005982
5.40	0.005980
5.40	0.005977
5.40	0.005975
5.40	0.005972
5.40	0.006009
5.40	0.006007
5.40	0.006044
5.40	0.006042
5.40	0.006039
5.40	0.006037
5.40	0.006074
5.40	0.006071
5.39	0.006069
5.38	0.006067
5.33	0.006142
5.30	0.006140
5.30	0.006177
5.30	0.006174
5.30	0.006211
5.30	0.006209
5.30	0.006206
5.30	0.006204
5.30	0.006201
5.30	0.006199
5.30	0.006196
5.30	0.006194
5.30	0.006192
5.30	0.006189
5.30	0.006226
5.30	0.006223
5.26	0.006221
5.23	0.006218
5.20	0.006216
5.20	0.006214
5.20	0.006289
5.20	0.006325
5.20	0.006439
5.20	0.006475
5.20	0.006473
5.20	0.006470
5.20	0.006468
5.20	0.006465
5.20	0.006463
5.20	0.006460
5.20	0.006497
5.20	0.006494
5.20	0.006530
5.20	0.006528
5.16	0.006525
5.13	0.006561
5.10	0.006559
5.10	0.006556
5.10	0.006554
5.10	0.006667
5.10	0.006703
5.10	0.006700
5.10	0.006890
5.10	0.006926
5.10	0.006923
5.10	0.006920
5.10	0.006918
5.10	0.006915
5.10	0.006951
5.10	0.006948
5.10	0.006946
5.10	0.006943
5.10	0.006940
5.10	0.006938
5.10	0.006935
5.10	0.006971
5.10	0.007006
5.10	0.007003
5.10	0.007001
5.00	0.007075
5.00	0.007072
5.00	0.007069
5.00	0.007105
5.00	0.007102
5.00	0.007099
5.00	0.007249
5.00	0.007285
5.00	0.007282
5.00	0.007317
5.00	0.007314
5.00	0.007312
5.00	0.007309
5.00	0.007306
5.00	0.007303
4.97	0.007300
4.95	0.007298
4.94	0.007333
4.90	0.007330
4.90	0.007365
4.90	0.007400
4.90	0.007398
4.90	0.007433
4.90	0.007430
4.90	0.007427
4.90	0.007462
4.90	0.007459
4.90	0.007532
4.90	0.007529
4.90	0.007526
4.89	0.007524
4.85	0.007521
4.81	0.007518
4.80	0.007515
4.80	0.007512
4.80	0.007509
4.80	0.007507
4.80	0.007504
4.80	0.007539
4.80	0.007649
4.80	0.007646
4.80	0.007643
4.80	0.007640
4.80	0.007675
4.80	0.007710
4.80	0.007707
4.80	0.007704
4.80	0.007701
4.80	0.007698
4.80	0.007733
4.80	0.007730
4.74	0.007727
4.70	0.007724
4.70	0.007721
4.70	0.007718
4.70	0.007790
4.70	0.007787
4.70	0.007822
4.70	0.007819
4.70	0.007816
4.70	0.007850
4.70	0.007848
4.70	0.007845
4.70	0.007842
4.70	0.007839
4.70	0.007873
4.70	0.007870
4.70	0.007867
4.70	0.007864
4.70	0.007861
4.70	0.007858
4.70	0.007856
4.70	0.007890
4.65	0.007887
4.65	0.007996
4.60	0.008030
4.60	0.008027
4.60	0.008024
4.60	0.008021
4.60	0.008018
4.60	0.008015
4.60	0.008012
4.60	0.008009
4.60	0.008043
4.60	0.008040
4.60	0.008037
4.60	0.008034
4.60	0.008031
4.60	0.008065
4.60	0.008099
4.60	0.008096
4.60	0.008130
4.60	0.008127
4.60	0.008124
4.60	0.008121
4.60	0.008118
4.60	0.008115
4.56	0.008112
4.55	0.008220
4.55	0.008217
4.55	0.008250
4.54	0.008284
4.51	0.008355
4.50	0.008389
4.50	0.008385
4.50	0.008382
4.50	0.008416
4.50	0.008560
4.50	0.008557
4.50	0.008590
4.50	0.008697
4.50	0.008731
4.50	0.008728
4.50	0.008724
4.50	0.008721
4.50	0.008718
4.50	0.008715
4.50	0.008712
4.50	0.008745
4.50	0.008742
4.50	0.008739
4.50	0.008772
4.50	0.008805
4.50	0.008802
4.50	0.008799
4.48	0.008796
4.47	0.008792
4.47	0.008862
4.45	0.008859
4.43	0.008929
4.40	0.008925
4.40	0.008958
4.40	0.008955
4.40	0.008988
4.40	0.009021
4.40	0.009018
4.40	0.009051
4.40	0.009048
4.40	0.009045
4.40	0.009041
4.40	0.009038
4.40	0.009107
4.40	0.009104
4.40	0.009101
4.40	0.009134
4.40	0.009130
4.40	0.009163
4.40	0.009196
4.40	0.009193
4.40	0.009190
4.40	0.009186
4.40	0.009183
4.40	0.009252
4.40	0.009249
4.40	0.009245
4.40	0.009242
4.40	0.009275
4.40	0.009271
4.40	0.009304
4.40	0.009373
4.38	0.009369
4.34	0.009402
4.30	0.009471
4.30	0.009575
4.30	0.009572
4.30	0.009604
4.30	0.009601
4.30	0.009597
4.30	0.009594
4.30	0.009591
4.30	0.009587
4.30	0.009584
4.30	0.009580
4.30	0.009577
4.30	0.009573
4.30	0.009570
4.30	0.009602
4.30	0.009599
4.30	0.009595
4.30	0.009628
4.30	0.009660
4.30	0.009657
4.30	0.009653
4.30	0.009685
4.30	0.009718
4.30	0.009714
4.26	0.009711
4.24	0.009707
4.22	0.009704
4.20	0.009700
4.20	0.009697
4.20	0.009836
4.20	0.009868
4.20	0.009865
4.20	0.009861
4.20	0.009858
4.20	0.009854
4.20	0.009851
4.20	0.009847
4.20	0.009844
4.20	0.009840
4.20	0.009837
4.20	0.009869
4.20	0.009865
4.20	0.009862
4.20	0.009858
4.20	0.009855
4.20	0.009851
4.20	0.009848
4.20	0.009880
4.20	0.009876
4.20	0.009873
4.20	0.009869
4.20	0.009866
4.19	0.009862
4.14	0.009859
4.14	0.009855
4.11	0.009887
4.11	0.009919
4.11	0.009915
4.10	0.009947
4.10	0.009944
4.10	0.009975
4.10	0.009972
4.10	0.009968
4.10	0.010035
4.10	0.010032
4.10	0.010063
4.10	0.010060
4.10	0.010056
4.10	0.010053
4.10	0.010084
4.10	0.010116
4.10	0.010112
4.10	0.010109
4.10	0.010105
4.10	0.010102
4.10	0.010098
4.10	0.010200
4.10	0.010231
4.10	0.010228
4.10	0.010224
4.10	0.010256
4.10	0.010287
4.10	0.010283
4.10	0.010280
4.10	0.010311
4.10	0.010307
4.10	0.010304
4.10	0.010300
4.10	0.010297
4.10	0.010293
4.10	0.010290
4.10	0.010286
4.10	0.010282
4.07	0.010314
4.04	0.010310
4.03	0.010341
4.00	0.010372
4.00	0.010473
4.00	0.010470
4.00	0.010535
4.00	0.010532
4.00	0.010528
4.00	0.010524
4.00	0.010590
4.00	0.010587
4.00	0.010756
4.00	0.010753
4.00	0.010784
4.00	0.010780
4.00	0.010776
4.00	0.010772
4.00	0.010769
4.00	0.010765
4.00	0.010796
4.00	0.010792
4.00	0.010788
4.00	0.010785
4.00	0.010781
4.00	0.010846
4.00	0.010843
4.00	0.010873
4.00	0.010870
4.00	0.010900
4.00	0.010931
4.00	0.010962
4.00	0.010992
3.99	0.011023
3.99	0.011019
3.98	0.011015
3.97	0.011046
3.90	0.011042
3.90	0.011073
3.90	0.011069
3.90	0.011065
3.90	0.011061
3.90	0.011092
3.90	0.011088
3.90	0.011119
3.90	0.011115
3.90	0.011145
3.90	0.011142
3.90	0.011138
3.90	0.011134
3.90	0.011199
3.90	0.011229
3.90	0.011225
3.90	0.011256
3.88	0.011286
3.83	0.011316
3.80	0.011312
3.80	0.011309
3.80	0.011305
3.80	0.011403
3.80	0.011399
3.80	0.011464
3.80	0.011460
3.80	0.011490
3.80	0.011486
3.80	0.011482
3.80	0.011512
3.80	0.011576
3.80	0.011572
3.80	0.011603
3.80	0.011599
3.80	0.011663
3.80	0.011659
3.80	0.011689
3.80	0.011685
3.78	0.011715
3.75	0.011779
3.73	0.011775
3.71	0.011839
3.71	0.011835
3.70	0.011831
3.70	0.011928
3.70	0.011958
3.70	0.011988
3.70	0.011984
3.70	0.011980
3.70	0.011976
3.70	0.011972
3.70	0.012170
3.70	0.012301
3.70	0.012331
3.70	0.012394
3.70	0.012458
3.70	0.012454
3.70	0.012517
3.70	0.012546
3.70	0.012542
3.70	0.012538
3.69	0.012534
3.64	0.012597
3.64	0.012593
3.64	0.012588
3.63	0.012685
3.62	0.012748
3.60	0.012744
3.60	0.012739
3.60	0.012836
3.60	0.012832
3.60	0.012827
3.60	0.012924
3.60	0.012919
3.60	0.012915
3.60	0.012978
3.60	0.012974
3.60	0.012969
3.60	0.012965
3.60	0.012960
3.60	0.012956
3.60	0.012952
3.60	0.012947
3.60	0.012943
3.60	0.012939
3.60	0.012934
3.60	0.012930
3.60	0.012926
3.60	0.012955
3.60	0.013017
3.60	0.013013
3.58	0.013042
3.57	0.013038
3.54	0.013100
3.52	0.013262
3.50	0.013291
3.50	0.013320
3.50	0.013316
3.50	0.013311
3.50	0.013307
3.50	0.013302
3.50	0.013298
3.50	0.013327
3.50	0.013322
3.50	0.013451
3.50	0.013479
3.50	0.013508
3.50	0.013504
3.50	0.013499
3.50	0.013528
3.50	0.013590
3.50	0.013618
3.50	0.013614
3.50	0.013742
3.50	0.013770
3.50	0.013799
3.50	0.013827
3.50	0.013823
3.50	0.013851
3.50	0.013847
3.50	0.013842
3.50	0.013838
3.50	0.013833
3.50	0.013828
3.50	0.013857
3.50	0.013852
3.50	0.013848
3.50	0.013843
3.50	0.013871
3.49	0.013900
3.46	0.013928
3.43	0.014022
3.40	0.014051
3.40	0.014112
3.40	0.014107
3.40	0.014135
3.40	0.014164
3.40	0.014290
3.40	0.014319
3.40	0.014347
3.40	0.014342
3.40	0.014370
3.40	0.014365
3.40	0.014393
3.40	0.014422
3.40	0.014417
3.40	0.014412
3.40	0.014407
3.40	0.014468
3.40	0.014463
3.40	0.014459
3.40	0.014519
3.40	0.014515
3.40	0.014542
3.40	0.014538
3.40	0.014533
3.40	0.014561
3.40	0.014589
3.40	0.014584
3.40	0.014579
3.40	0.014607
3.40	0.014602
3.40	0.014598
3.40	0.014593
3.40	0.014653
3.40	0.014714
3.40	0.014741
3.40	0.014736
3.40	0.014764
3.40	0.014759
3.40	0.014755
3.39	0.014750
3.37	0.014745
3.33	0.014773
3.30	0.014768
3.30	0.014763
3.30	0.014758
3.30	0.014754
3.30	0.014814
3.30	0.014841
3.30	0.014869
3.30	0.014929
3.30	0.014989
3.30	0.014984
3.30	0.015011
3.30	0.015071
3.30	0.015066
3.30	0.015061
3.30	0.015089
3.30	0.015149
3.30	0.015144
3.30	0.015139
3.30	0.015198
3.30	0.015226
3.30	0.015253
3.30	0.015248
3.30	0.015276
3.30	0.015271
3.30	0.015298
3.30	0.015293
3.30	0.015320
3.29	0.015347
3.28	0.015375
3.26	0.015466
3.26	0.015493
3.25	0.015553
3.23	0.015612
3.23	0.015639
3.20	0.015698
3.20	0.015693
3.20	0.015784
3.20	0.015779
3.20	0.015838
3.20	0.015897
3.20	0.015892
3.20	0.015887
3.20	0.015882
3.20	0.015877
3.20	0.016000
3.20	0.015995
3.20	0.015990
3.20	0.016017
3.20	0.016012
3.20	0.016070
3.20	0.016161
3.20	0.016188
3.20	0.016183
3.20	0.016209
3.20	0.016204
3.20	0.016231
3.20	0.016226
3.20	0.016348
3.20	0.016343
3.20	0.016369
3.20	0.016364
3.20	0.016391
3.20	0.016417
3.20	0.016444
3.20	0.016471
3.20	0.016497
3.20	0.016555
3.20	0.016550
3.20	0.016608
3.20	0.016603
3.20	0.016598
3.20	0.016751
3.20	0.016936
3.18	0.016963
3.18	0.016989
3.14	0.017015
3.13	0.017073
3.13	0.017194
3.12	0.017189
3.12	0.017310
3.12	0.017336
3.10	0.017426
3.10	0.017452
3.10	0.017541
3.10	0.017536
3.10	0.017530
3.10	0.017556
3.10	0.017614
3.10	0.017703
3.10	0.017760
3.10	0.017786
3.10	0.017781
3.10	0.017775
3.10	0.017769
3.10	0.017858
3.10	0.017853
3.10	0.017847
3.10	0.017841
3.10	0.017930
3.10	0.017925
3.10	0.017919
3.10	0.017913
3.10	0.017908
3.10	0.017933
3.10	0.017959
3.10	0.017954
3.10	0.017979
3.10	0.017974
3.10	0.017999
3.10	0.018025
3.10	0.018051
3.10	0.018045
3.10	0.018039
3.09	0.018065
3.09	0.018059
3.03	0.018054
3.02	0.018079
3.00	0.018136
3.00	0.018131
3.00	0.018125
3.00	0.018119
3.00	0.018145
3.00	0.018170
3.00	0.018196
3.00	0.018222
3.00	0.018216
3.00	0.018241
3.00	0.018298
3.00	0.018292
3.00	0.018287
3.00	0.018343
3.00	0.018337
3.00	0.018332
3.00	0.018388
3.00	0.018383
3.00	0.018439
3.00	0.018495
3.00	0.018521
3.00	0.018546
3.00	0.018602
3.00	0.018628
3.00	0.018684
3.00	0.018678
3.00	0.018672
3.00	0.018729
3.00	0.018785
3.00	0.018779
3.00	0.018804
2.97	0.018829
2.95	0.018885
2.90	0.018880
2.90	0.018967
2.90	0.018961
2.90	0.019017
2.90	0.019073
2.90	0.019129
2.90	0.019154
2.90	0.019148
2.90	0.019296
2.90	0.019321
2.90	0.019315
2.90	0.019340
2.90	0.019396
2.90	0.019390
2.90	0.019384
2.90	0.019409
2.90	0.019403
2.90	0.019427
2.90	0.019483
2.90	0.019477
2.90	0.019502
2.90	0.019526
2.90	0.019582
2.90	0.019576
2.90	0.019570
2.90	0.019564
2.90	0.019589
2.90	0.019644
2.90	0.019638
2.90	0.019663
2.90	0.019657
2.90	0.019651
2.90	0.019644
2.86	0.019638
2.85	0.019632
2.83	0.019657
2.82	0.019682
2.80	0.019829
2.80	0.019823
2.80	0.019817
2.80	0.019841
2.80	0.019866
2.80	0.019859
2.80	0.019884
2.80	0.019939
2.80	0.019994
2.80	0.020110
2.80	0.020165
2.80	0.020189
2.80	0.020183
2.80	0.020207
2.80	0.020232
2.80	0.020317
2.80	0.020341
2.80	0.020335
2.80	0.020390
2.80	0.020383
2.80	0.020499
2.80	0.020553
2.80	0.020547
2.80	0.020541
2.80	0.020565
2.80	0.020559
2.80	0.020553
2.80	0.020577
2.80	0.020570
2.80	0.020625
2.80	0.020649
2.80	0.020703
2.80	0.020697
2.80	0.020691
2.78	0.020775
2.77	0.020860
2.76	0.020884
2.76	0.020877
2.74	0.020901
2.72	0.020895
2.71	0.020889
2.70	0.020913
2.70	0.020906
2.70	0.020930
2.70	0.020984
2.70	0.020978
2.70	0.021032
2.70	0.021026
2.70	0.021019
2.70	0.021043
2.70	0.021097
2.70	0.021151
2.70	0.021235
2.70	0.021259
2.70	0.021312
2.70	0.021336
2.70	0.021390
2.70	0.021444
2.70	0.021497
2.70	0.021521
2.70	0.021514
2.70	0.021538
2.70	0.021592
2.70	0.021645
2.70	0.021669
2.70	0.021722
2.70	0.021776
2.70	0.021769
2.70	0.021823
2.70	0.021846
2.70	0.021899
2.70	0.021893
2.70	0.021946
2.70	0.021999
2.70	0.021993
2.70	0.022016
2.70	0.022069
2.70	0.022093
2.70	0.022086
2.70	0.022139
2.70	0.022282
2.70	0.022275
2.70	0.022328
2.70	0.022411
2.70	0.022434
2.70	0.022458
2.70	0.022451
2.70	0.022504
2.70	0.022557
2.70	0.022580
2.70	0.022633
2.60	0.022656
2.60	0.022649
2.60	0.022642
2.60	0.022635
2.60	0.022658
2.60	0.022652
2.60	0.022764
2.60	0.022816
2.60	0.022899
2.60	0.022892
2.60	0.022915
2.60	0.022908
2.60	0.022931
2.60	0.022924
2.60	0.022947
2.60	0.022970
2.60	0.023052
2.60	0.023134
2.60	0.023127
2.60	0.023179
2.60	0.023261
2.60	0.023314
2.60	0.023336
2.60	0.023329
2.60	0.023322
2.60	0.023316
2.60	0.023368
2.60	0.023420
2.60	0.023443
2.60	0.023465
2.60	0.023488
2.60	0.023540
2.60	0.023592
2.60	0.023585
2.60	0.023607
2.60	0.023630
2.60	0.023682
2.60	0.023793
2.60	0.023786
2.60	0.023779
2.60	0.023772
2.58	0.023794
2.57	0.023817
2.57	0.023868
2.56	0.023861
2.55	0.023854
2.54	0.023906
2.50	0.023928
2.50	0.023951
2.50	0.024032
2.50	0.024083
2.50	0.024076
2.50	0.024099
2.50	0.024091
2.50	0.024084
2.50	0.024136
2.50	0.024187
2.50	0.024210
2.50	0.024320
2.50	0.024312
2.50	0.024364
2.50	0.024386
2.50	0.024467
2.50	0.024489
2.50	0.024481
2.50	0.024504
2.50	0.024526
2.50	0.024548
2.50	0.024599
2.50	0.024708
2.50	0.024730
2.50	0.024723
2.50	0.024774
2.50	0.024854
2.50	0.024905
2.50	0.024927
2.50	0.024949
2.50	0.024971
2.50	0.024993
2.50	0.025044
2.50	0.025153
2.50	0.025145
2.50	0.025138
2.50	0.025131
2.50	0.025123
2.50	0.025116
2.50	0.025138
2.50	0.025189
2.50	0.025181
2.50	0.025174
2.50	0.025225
2.50	0.025333
2.50	0.025384
2.50	0.025463
2.50	0.025543
2.50	0.025565
2.49	0.025586
2.48	0.025608
2.44	0.025629
2.41	0.025651
2.40	0.025817
2.40	0.025867
2.40	0.025888
2.40	0.025881
2.40	0.025960
2.40	0.025982
2.40	0.026032
2.40	0.026053
2.40	0.026190
2.40	0.026240
2.40	0.026232
2.40	0.026282
2.40	0.026332
2.40	0.026325
2.40	0.026432
2.40	0.026425
2.40	0.026475
2.40	0.026525
2.40	0.026517
2.40	0.026596
2.40	0.026646
2.40	0.026638
2.40	0.026630
2.40	0.026651
2.40	0.026672
2.40	0.026665
2.40	0.026714
2.40	0.026793
2.40	0.026814
2.40	0.026864
2.40	0.026913
2.40	0.026934
2.40	0.026984
2.40	0.027005
2.40	0.027025
2.40	0.027075
2.40	0.027124
2.40	0.027174
2.40	0.027281
2.40	0.027301
2.40	0.027436
2.40	0.027429
2.40	0.027421
2.40	0.027413
2.40	0.027462
2.40	0.027511
2.40	0.027504
2.40	0.027496
2.40	0.027573
2.40	0.027623
2.40	0.027672
2.39	0.027692
2.38	0.027770
2.35	0.027819
2.35	0.027953
2.30	0.028002
2.30	0.027994
2.30	0.027986
2.30	0.028064
2.30	0.028084
2.30	0.028161
2.30	0.028182
2.30	0.028231
2.30	0.028308
2.30	0.028413
2.30	0.028434
2.30	0.028482
2.30	0.028503
2.30	0.028551
2.30	0.028543
2.30	0.028563
2.30	0.028584
2.30	0.028575
2.30	0.028567
2.30	0.028588
2.30	0.028664
2.30	0.028713
2.30	0.028761
2.30	0.028810
2.30	0.028858
2.30	0.028850
2.30	0.028870
2.30	0.028890
2.30	0.028910
2.30	0.028902
2.30	0.028922
2.30	0.028999
2.30	0.029047
2.30	0.029039
2.30	0.029087
2.30	0.029079
2.30	0.029127
2.30	0.029147
2.30	0.029167
2.30	0.029158
2.30	0.029178
2.30	0.029170
2.30	0.029190
2.30	0.029266
2.30	0.029258
2.30	0.029306
2.28	0.029354
2.25	0.029374
2.23	0.029506
2.20	0.029554
2.20	0.029630
2.20	0.029705
2.20	0.029837
2.20	0.029857
2.20	0.029877
2.20	0.029896
2.20	0.029916
2.20	0.029936
2.20	0.030011
2.20	0.030031
2.20	0.030134
2.20	0.030154
2.20	0.030201
2.20	0.030193
2.20	0.030212
2.20	0.030204
2.20	0.030223
2.20	0.030215
2.20	0.030290
2.20	0.030282
2.20	0.030301
2.20	0.030349
2.20	0.030452
2.20	0.030499
2.20	0.030491
2.20	0.030510
2.20	0.030501
2.20	0.030604
2.20	0.030651
2.20	0.030699
2.20	0.030690
2.20	0.030682
2.20	0.030673
2.20	0.030748
2.20	0.030767
2.20	0.030814
2.20	0.030833
2.20	0.030880
2.20	0.030900
2.20	0.031030
2.20	0.031104
2.20	0.031096
2.18	0.031143
2.14	0.031245
2.11	0.031264
2.11	0.031366
2.11	0.031413
2.10	0.031432
2.10	0.031451
2.10	0.031553
2.10	0.031599
2.10	0.031646
2.10	0.031665
2.10	0.031711
2.10	0.031813
2.10	0.031887
2.10	0.031961
2.10	0.032091
2.10	0.032109
2.10	0.032100
2.10	0.032119
2.10	0.032138
2.10	0.032157
2.10	0.032313
2.10	0.032387
2.10	0.032378
2.10	0.032479
2.10	0.032498
2.10	0.032517
2.10	0.032563
2.10	0.032554
2.10	0.032627
2.10	0.032646
2.10	0.032664
2.10	0.032655
2.10	0.032674
2.10	0.032720
2.10	0.032766
2.10	0.032839
2.10	0.032858
2.10	0.032903
2.10	0.032977
2.10	0.032995
2.10	0.033068
2.10	0.033087
2.10	0.033160
2.10	0.033178
2.10	0.033224
2.10	0.033242
2.10	0.033315
2.10	0.033361
2.10	0.033406
2.10	0.033452
2.10	0.033470
2.10	0.033488
2.10	0.033506
2.10	0.033579
2.10	0.033570
2.10	0.033588
2.10	0.033579
2.10	0.033570
2.10	0.033561
2.10	0.033661
2.10	0.033679
2.10	0.033806
2.07	0.033933
2.05	0.034005
2.02	0.034078
2.02	0.034096
2.02	0.034114
2.00	0.034132
2.00	0.034150
2.00	0.034168
2.00	0.034213
2.00	0.034231
2.00	0.034248
2.00	0.034266
2.00	0.034284
2.00	0.034302
2.00	0.034428
2.00	0.034446
2.00	0.034518
2.00	0.034563
2.00	0.034608
2.00	0.034653
2.00	0.034698
2.00	0.034688
2.00	0.034733
2.00	0.034805
2.00	0.034877
2.00	0.034921
2.00	0.034966
2.00	0.034984
2.00	0.034974
2.00	0.035019
2.00	0.035064
2.00	0.035054
2.00	0.035126
2.00	0.035170
2.00	0.035188
2.00	0.035259
2.00	0.035250
2.00	0.035321
2.00	0.035393
2.00	0.035437
2.00	0.035481
2.00	0.035526
2.00	0.035543
2.00	0.035587
2.00	0.035578
2.00	0.035649
2.00	0.035720
2.00	0.035872
2.00	0.035943
2.00	0.035987
2.00	0.035977
2.00	0.036022
1.99	0.036066
1.98	0.036110
1.97	0.036127
1.97	0.036171
1.95	0.036268
1.93	0.036286
1.93	0.036329
1.91	0.036320
1.91	0.036417
1.90	0.036434
1.90	0.036532
1.90	0.036602
1.90	0.036593
1.90	0.036610
1.90	0.036680
1.90	0.036751
1.90	0.036794
1.90	0.036998
1.90	0.036988
1.90	0.037059
1.90	0.037183
1.90	0.037280
1.90	0.037296
1.90	0.037340
1.90	0.037356
1.90	0.037373
1.90	0.037443
1.90	0.037460
1.90	0.037477
1.90	0.037627
1.90	0.037670
1.90	0.037740
1.90	0.037756
1.90	0.037853
1.90	0.037896
1.90	0.037966
1.90	0.038009
1.90	0.038052
1.90	0.038069
1.90	0.038112
1.90	0.038155
1.90	0.038171
1.90	0.038241
1.90	0.038257
1.90	0.038327
1.90	0.038396
1.90	0.038439
1.90	0.038482
1.90	0.038498
1.90	0.038621
1.90	0.038690
1.90	0.038733
1.90	0.038776
1.90	0.038765
1.90	0.038861
1.90	0.038877
1.90	0.038893
1.90	0.038989
1.90	0.039031
1.90	0.039048
1.90	0.039064
1.90	0.039053
1.86	0.039096
1.85	0.039112
1.85	0.039155
1.85	0.039197
1.84	0.039240
1.83	0.039282
1.80	0.039351
1.80	0.039420
1.80	0.039462
1.80	0.039478
1.80	0.039547
1.80	0.039694
1.80	0.039736
1.80	0.039779
1.80	0.039874
1.80	0.039916
1.80	0.039958
1.80	0.040026
1.80	0.040042
1.80	0.040058
1.80	0.040100
1.80	0.040195
1.80	0.040237
1.80	0.040305
1.80	0.040294
1.80	0.040362
1.80	0.040404
1.80	0.040446
1.80	0.040462
1.80	0.040504
1.80	0.040624
1.80	0.040640
1.80	0.040682
1.80	0.040749
1.80	0.040844
1.80	0.040885
1.80	0.040875
1.80	0.040890
1.80	0.040932
1.80	0.040947
1.80	0.040963
1.80	0.041030
1.80	0.041098
1.80	0.041140
1.80	0.041155
1.80	0.041170
1.80	0.041238
1.80	0.041253
1.80	0.041269
1.80	0.041362
1.80	0.041404
1.80	0.041445
1.80	0.041512
1.73	0.041580
1.73	0.041595
1.72	0.041636
1.71	0.041730
1.70	0.041823
1.70	0.041916
1.70	0.041983
1.70	0.042024
1.70	0.042092
1.70	0.042107
1.70	0.042174
1.70	0.042241
1.70	0.042282
1.70	0.042323
1.70	0.042468
1.70	0.042508
1.70	0.042523
1.70	0.042590
1.70	0.042683
1.70	0.042776
1.70	0.042868
1.70	0.042935
1.70	0.043027
1.70	0.043120
1.70	0.043161
1.70	0.043201
1.70	0.043268
1.70	0.043308
1.70	0.043349
1.70	0.043389
1.70	0.043456
1.70	0.043470
1.70	0.043485
1.70	0.043551
1.70	0.043618
1.70	0.043658
1.70	0.043724
1.70	0.043790
1.70	0.043779
1.70	0.043845
1.70	0.043860
1.70	0.043900
1.70	0.043966
1.70	0.043980
1.70	0.043995
1.70	0.044061
1.70	0.044075
1.70	0.044115
1.70	0.044130
1.70	0.044118
1.70	0.044133
1.70	0.044173
1.70	0.044239
1.70	0.044279
1.70	0.044396
1.70	0.044410
1.70	0.044424
1.70	0.044464
1.70	0.044530
1.70	0.044570
1.70	0.044610
1.70	0.044624
1.70	0.044664
1.69	0.044755
1.68	0.044769
1.67	0.044860
1.65	0.044926
1.65	0.044940
1.63	0.045031
1.62	0.045070
1.62	0.045161
1.60	0.045252
1.60	0.045317
1.60	0.045382
1.60	0.045448
1.60	0.045589
1.60	0.045629
1.60	0.045643
1.60	0.045810
1.60	0.045824
1.60	0.045914
1.60	0.045954
1.60	0.046120
1.60	0.046185
1.60	0.046276
1.60	0.046315
1.60	0.046430
1.60	0.046419
1.60	0.046483
1.60	0.046599
1.60	0.046663
1.60	0.046702
1.60	0.046741
1.60	0.046755
1.60	0.046870
1.60	0.046960
1.60	0.046999
1.60	0.047038
1.60	0.047178
1.60	0.047243
1.60	0.047282
1.60	0.047320
1.60	0.047334
1.60	0.047347
1.60	0.047411
1.60	0.047475
1.60	0.047489
1.60	0.047603
1.60	0.047642
1.60	0.047706
1.60	0.047745
1.60	0.047783
1.60	0.047822
1.60	0.047911
1.60	0.047924
1.60	0.047963
1.60	0.047976
1.60	0.048014
1.60	0.048078
1.60	0.048142
1.60	0.048180
1.60	0.048244
1.60	0.048282
1.60	0.048396
1.60	0.048460
1.60	0.048473
1.60	0.048511
1.60	0.048600
1.60	0.048613
1.60	0.048676
1.60	0.048790
1.60	0.048828
1.60	0.048866
1.60	0.048954
1.60	0.049144
1.60	0.049207
1.60	0.049270
1.60	0.049308
1.60	0.049321
1.60	0.049308
1.58	0.049422
1.57	0.049459
1.55	0.049522
1.55	0.049560
1.55	0.049623
1.54	0.049736
1.53	0.049849
1.53	0.049837
1.51	0.049950
1.50	0.049987
1.50	0.050100
1.50	0.050163
1.50	0.050201
1.50	0.050238
1.50	0.050251
1.50	0.050388
1.50	0.050451
1.50	0.050488
1.50	0.050626
1.50	0.050738
1.50	0.050776
1.50	0.050838
1.50	0.050875
1.50	0.050888
1.50	0.050925
1.50	0.050962
1.50	0.050975
1.50	0.051062
1.50	0.051149
1.50	0.051211
1.50	0.051248
1.50	0.051310
1.50	0.051397
1.50	0.051509
1.50	0.051546
1.50	0.051558
1.50	0.051670
1.50	0.051732
1.50	0.051794
1.50	0.051856
1.50	0.051892
1.50	0.051929
1.50	0.051966
1.50	0.052003
1.50	0.052040
1.50	0.052077
1.50	0.052138
1.50	0.052175
1.50	0.052237
1.50	0.052273
1.50	0.052310
1.50	0.052347
1.50	0.052433
1.50	0.052494
1.50	0.052556
1.50	0.052642
1.50	0.052679
1.50	0.052690
1.50	0.052752
1.50	0.052887
1.50	0.052924
1.50	0.052985
1.50	0.053046
1.50	0.053181
1.50	0.053243
1.50	0.053254
1.50	0.053290
1.50	0.053327
1.50	0.053363
1.50	0.053375
1.50	0.053411
1.50	0.053496
1.50	0.053557
1.50	0.053618
1.50	0.053654
1.50	0.053690
1.50	0.053702
1.48	0.053738
1.45	0.053823
1.45	0.053810
1.45	0.053871
1.44	0.053907
1.44	0.053967
1.44	0.054053
1.41	0.054138
1.40	0.054198
1.40	0.054259
1.40	0.054393
1.40	0.054503
1.40	0.054514
1.40	0.054648
1.40	0.054659
1.40	0.054744
1.40	0.054780
1.40	0.054816
1.40	0.054876
1.40	0.054961
1.40	0.055045
1.40	0.055106
1.40	0.055141
1.40	0.055201
1.40	0.055237
1.40	0.055321
1.40	0.055381
1.40	0.055441
1.40	0.055526
1.40	0.055585
1.40	0.055645
1.40	0.055705
1.40	0.055741
1.40	0.055800
1.40	0.055909
1.40	0.055969
1.40	0.056028
1.40	0.056161
1.40	0.056172
1.40	0.056207
1.40	0.056267
1.40	0.056277
1.40	0.056361
1.40	0.056396
1.40	0.056456
1.40	0.056515
1.40	0.056624
1.40	0.056659
1.40	0.056742
1.40	0.056802
1.40	0.056885
1.40	0.056896
1.40	0.056931
1.40	0.056965
1.40	0.057049
1.40	0.057108
1.40	0.057216
1.40	0.057275
1.40	0.057310
1.40	0.057417
1.40	0.057452
1.40	0.057535
1.40	0.057594
1.40	0.057604
1.40	0.057736
1.40	0.057746
1.40	0.057805
1.40	0.057937
1.40	0.057971
1.40	0.058079
1.40	0.058089
1.40	0.058147
1.40	0.058206
1.40	0.058265
1.40	0.058251
1.40	0.058333
1.40	0.058440
1.40	0.058499
1.40	0.058533
1.40	0.058616
1.40	0.058626
1.40	0.058660
1.40	0.058718
1.40	0.058777
1.40	0.058787
1.40	0.058917
1.40	0.058927
1.40	0.058961
1.40	0.059044
1.40	0.059078
1.40	0.059112
1.40	0.059218
1.40	0.059276
1.40	0.059334
1.40	0.059392
1.40	0.059499
1.40	0.059557
1.37	0.059639
1.36	0.059721
1.35	0.059778
1.34	0.059860
1.33	0.059918
1.33	0.059976
1.32	0.059986
1.31	0.059995
1.30	0.060053
1.30	0.060111
1.30	0.060168
1.30	0.060226
1.30	0.060332
1.30	0.060413
1.30	0.060519
1.30	0.060600
1.30	0.060658
1.30	0.060691
1.30	0.060773
1.30	0.060782
1.30	0.060911
1.30	0.061041
1.30	0.061122
1.30	0.061179
1.30	0.061236
1.30	0.061269
1.30	0.061351
1.30	0.061432
1.30	0.061537
1.30	0.061642
1.30	0.061794
1.30	0.061899
1.30	0.062004
1.30	0.062061
1.30	0.062141
1.30	0.062174
1.30	0.062279
1.30	0.062407
1.30	0.062512
1.30	0.062545
1.30	0.062649
1.30	0.062777
1.30	0.062810
1.30	0.062819
1.30	0.062852
1.30	0.062884
1.30	0.062965
1.30	0.063045
1.30	0.063078
1.30	0.063158
1.30	0.063214
1.30	0.063271
1.30	0.063327
1.30	0.063360
1.30	0.063440
1.30	0.063472
1.30	0.063528
1.30	0.063561
1.30	0.063617
1.30	0.063697
1.30	0.063753
1.30	0.063785
1.30	0.063794
1.30	0.063874
1.30	0.063930
1.30	0.064009
1.30	0.064042
1.30	0.064098
1.30	0.064154
1.30	0.064210
1.30	0.064242
1.30	0.064321
1.30	0.064330
1.30	0.064433
1.30	0.064489
1.30	0.064544
1.30	0.064576
1.30	0.064608
1.30	0.064640
1.30	0.064672
1.30	0.064728
1.30	0.064784
1.30	0.064863
1.30	0.064895
1.30	0.064974
1.30	0.065030
1.30	0.065085
1.30	0.065140
1.30	0.065243
1.30	0.065275
1.30	0.065401
1.30	0.065456
1.30	0.065512
1.30	0.065567
1.30	0.065646
1.30	0.065677
1.27	0.065732
1.26	0.065835
1.25	0.065890
1.25	0.065992
1.25	0.066071
1.25	0.066149
1.25	0.066204
1.23	0.066259
1.22	0.066361
1.22	0.066392
1.21	0.066471
1.20	0.066502
1.20	0.066557
1.20	0.066612
1.20	0.066643
1.20	0.066768
1.20	0.066823
1.20	0.066854
1.20	0.066862
1.20	0.066964
1.20	0.067089
1.20	0.067213
1.20	0.067221
1.20	0.067369
1.20	0.067494
1.20	0.067666
1.20	0.067743
1.20	0.067798
1.20	0.067876
1.20	0.067906
1.20	0.067914
1.20	0.067968
1.20	0.068069
1.20	0.068100
1.20	0.068201
1.20	0.068325
1.20	0.068403
1.20	0.068480
1.20	0.068604
1.20	0.068705
1.20	0.068712
1.20	0.068766
1.20	0.068820
1.20	0.068874
1.20	0.068951
1.20	0.069028
1.20	0.069082
1.20	0.069113
1.20	0.069166
1.20	0.069220
1.20	0.069204
1.20	0.069258
1.20	0.069335
1.20	0.069388
1.20	0.069395
1.20	0.069495
1.20	0.069549
1.20	0.069649
1.20	0.069703
1.20	0.069733
1.20	0.069810
1.20	0.069886
1.20	0.069986
1.20	0.070016
1.20	0.070046
1.20	0.070077
1.20	0.070130
1.20	0.070160
1.20	0.070167
1.20	0.070243
1.20	0.070250
1.20	0.070303
1.20	0.070380
1.20	0.070433
1.20	0.070486
1.20	0.070539
1.20	0.070592
1.20	0.070645
1.20	0.070722
1.20	0.070798
1.20	0.070828
1.20	0.070834
1.20	0.070910
1.20	0.070986
1.20	0.071039
1.20	0.071092
1.20	0.071145
1.20	0.071175
1.20	0.071297
1.20	0.071373
1.20	0.071471
1.20	0.071547
1.20	0.071623
1.20	0.071722
1.20	0.071774
1.20	0.071827
1.20	0.071902
1.20	0.071978
1.20	0.071984
1.20	0.072060
1.20	0.072112
1.20	0.072188
1.20	0.072263
1.20	0.072315
1.20	0.072414
1.20	0.072443
1.20	0.072495
1.20	0.072571
1.20	0.072646
1.16	0.072767
1.12	0.072865
1.11	0.072917
1.10	0.073015
1.10	0.073067
1.10	0.073142
1.10	0.073217
1.10	0.073269
1.10	0.073344
1.10	0.073396
1.10	0.073471
1.10	0.073546
1.10	0.073575
1.10	0.073741
1.10	0.073838
1.10	0.073844
1.10	0.073942
1.10	0.073994
1.10	0.074114
1.10	0.074188
1.10	0.074286
1.10	0.074360
1.10	0.074480
1.10	0.074532
1.10	0.074629
1.10	0.074680
1.10	0.074777
1.10	0.074806
1.10	0.074857
1.10	0.074932
1.10	0.074983
1.10	0.075034
1.10	0.075085
1.10	0.075137
1.10	0.075211
1.10	0.075330
1.10	0.075404
1.10	0.075455
1.10	0.075529
1.10	0.075580
1.10	0.075586
1.10	0.075728
1.10	0.075733
1.10	0.075830
1.10	0.075926
1.10	0.075955
1.10	0.076005
1.10	0.076102
1.10	0.076198
1.10	0.076249
1.10	0.076300
1.10	0.076373
1.10	0.076401
1.10	0.076475
1.10	0.076525
1.10	0.076576
1.10	0.076649
1.10	0.076700
1.10	0.076751
1.10	0.076824
1.10	0.076920
1.10	0.076993
1.10	0.077066
1.10	0.077116
1.10	0.077167
1.10	0.077262
1.10	0.077335
1.10	0.077431
1.10	0.077481
1.10	0.077554
1.10	0.077605
1.10	0.077655
1.10	0.077705
1.10	0.077846
1.10	0.077918
1.10	0.077968
1.10	0.078064
1.10	0.078136
1.10	0.078231
1.10	0.078304
1.10	0.078331
1.10	0.078449
1.10	0.078499
1.10	0.078616
1.10	0.078689
1.10	0.078761
1.10	0.078834
1.10	0.078883
1.10	0.078933
1.10	0.078983
1.07	0.079055
1.05	0.079150
1.05	0.079222
1.02	0.079317
1.02	0.079366
1.00	0.079461
1.00	0.079488
1.00	0.079515
1.00	0.079609
1.00	0.079681
1.00	0.079731
1.00	0.079825
1.00	0.079897
1.00	0.079991
1.00	0.080063
1.00	0.080135
1.00	0.080161
1.00	0.080211
1.00	0.080260
1.00	0.080309
1.00	0.080358
1.00	0.080430
1.00	0.080524
1.00	0.080618
1.00	0.080667
1.00	0.080716
1.00	0.080787
1.00	0.080814
1.00	0.080863
1.00	0.080912
1.00	0.081050
1.00	0.081144
1.00	0.081260
1.00	0.081353
1.00	0.081447
1.00	0.081518
1.00	0.081611
1.00	0.081705
1.00	0.081843
1.00	0.081891
1.00	0.081918
1.00	0.081988
1.00	0.082059
1.00	0.082108
1.00	0.082201
1.00	0.082249
1.00	0.082387
1.00	0.082435
1.00	0.082528
1.00	0.082555
1.00	0.082625
1.00	0.082696
1.00	0.082766
1.00	0.082837
1.00	0.082885
1.00	0.082911
1.00	0.082982
1.00	0.083008
1.00	0.083056
1.00	0.083126
1.00	0.083219
1.00	0.083333
1.00	0.083426
1.00	0.083496
1.00	0.083544
1.00	0.083636
1.00	0.083706
1.00	0.083799
1.00	0.083869
1.00	0.083939
1.00	0.083987
1.00	0.083990
1.00	0.084060
1.00	0.084130
1.00	0.084244
1.00	0.084336
1.00	0.084384
1.00	0.084432
1.00	0.084501
1.00	0.084571
1.00	0.084663
1.00	0.084733
1.00	0.084802
1.00	0.084894
1.00	0.084941
1.00	0.084989
1.00	0.085081
1.00	0.085150
1.00	0.085197
1.00	0.085311
1.00	0.085424
1.00	0.085494
1.00	0.085585
1.00	0.085654
1.00	0.085790
1.00	0.085881
1.00	0.085972
1.00	0.086063
1.00	0.086155
1.00	0.086224
1.00	0.086315
1.00	0.086362
1.00	0.086409
1.00	0.086456
1.00	0.086546
1.00	0.086571
1.00	0.086618
1.00	0.086709
1.00	0.086778
1.00	0.086869
1.00	0.086894
1.00	0.086962
1.00	0.087053
1.00	0.087165
1.00	0.087256
1.00	0.087346
1.00	0.087437
1.00	0.087484
1.00	0.087552
1.00	0.087621
1.00	0.087689
1.00	0.087779
1.00	0.087848
1.00	0.087938
1.00	0.088006
1.00	0.088096
1.00	0.088165
1.00	0.088255
0.99	0.088366
0.98	0.088391
0.97	0.088481
0.96	0.088527
0.95	0.088617
0.93	0.088663
0.93	0.088687
0.93	0.088755
0.92	0.088802
0.91	0.088869
0.90	0.088959
0.90	0.089027
0.90	0.089051
0.90	0.089119
0.90	0.089209
0.90	0.089276
0.90	0.089322
0.90	0.089368
0.90	0.089414
0.90	0.089460
0.90	0.089528
0.90	0.089595
0.90	0.089684
0.90	0.089752
0.90	0.089841
0.90	0.089909
0.90	0.090041
0.90	0.090087
0.90	0.090154
0.90	0.090222
0.90	0.090267
0.90	0.090356
0.90	0.090489
0.90	0.090556
0.90	0.090666
0.90	0.090777
0.90	0.090844
0.90	0.090998
0.90	0.091065
0.90	0.091175
0.90	0.091264
0.90	0.091352
0.90	0.091398
0.90	0.091443
0.90	0.091488
0.90	0.091533
0.90	0.091665
0.90	0.091710
0.90	0.091798
0.90	0.091865
0.90	0.091975
0.90	0.092085
0.90	0.092173
0.90	0.092283
0.90	0.092349
0.90	0.092459
0.90	0.092525
0.90	0.092613
0.90	0.092701
0.90	0.092789
0.90	0.092834
0.90	0.092900
0.90	0.092967
0.90	0.093054
0.90	0.093121
0.90	0.093187
0.90	0.093296
0.90	0.093341
0.90	0.093428
0.90	0.093494
0.90	0.093539
0.90	0.093605
0.90	0.093692
0.90	0.093801
0.90	0.093889
0.90	0.093954
0.90	0.094020
0.90	0.094108
0.90	0.094216
0.90	0.094304
0.90	0.094391
0.90	0.094456
0.90	0.094565
0.90	0.094674
0.90	0.094761
0.90	0.094848
0.90	0.094892
0.90	0.094979
0.90	0.095044
0.90	0.095152
0.90	0.095218
0.90	0.095326
0.90	0.095370
0.90	0.095456
0.90	0.095565
0.90	0.095673
0.90	0.095781
0.90	0.095846
0.90	0.095932
0.90	0.095976
0.90	0.096062
0.90	0.096106
0.90	0.096171
0.90	0.096236
0.90	0.096322
0.90	0.096409
0.90	0.096495
0.90	0.096560
0.90	0.096625
0.90	0.096689
0.90	0.096776
0.90	0.096819
0.90	0.096884
0.90	0.096970
0.90	0.097056
0.90	0.097163
0.90	0.097249
0.88	0.097292
0.88	0.097378
0.88	0.097464
0.87	0.097528
0.85	0.097635
0.85	0.097657
0.85	0.097700
0.85	0.097807
0.81	0.097893
0.80	0.097978
0.80	0.098085
0.80	0.098192
0.80	0.098235
0.80	0.098320
0.80	0.098406
0.80	0.098470
0.80	0.098534
0.80	0.098598
0.80	0.098683
0.80	0.098768
0.80	0.098854
0.80	0.098939
0.80	0.099045
0.80	0.099151
0.80	0.099236
0.80	0.099343
0.80	0.099470
0.80	0.099534
0.80	0.099640
0.80	0.099703
0.80	0.099809
0.80	0.099873
0.80	0.099958
0.80	0.100064
0.80	0.100148
0.80	0.100254
0.80	0.100339
0.80	0.100402
0.80	0.100486
0.80	0.100613
0.80	0.100698
0.80	0.100803
0.80	0.100888
0.80	0.100972
0.80	0.101035
0.80	0.101098
0.80	0.101204
0.80	0.101288
0.80	0.101372
0.80	0.101456
0.80	0.101540
0.80	0.101624
0.80	0.101729
0.80	0.101792
0.80	0.101897
0.80	0.101960
0.80	0.102044
0.80	0.102128
0.80	0.102190
0.80	0.102274
0.80	0.102379
0.80	0.102442
0.80	0.102525
0.80	0.102630
0.80	0.102756
0.80	0.102818
0.80	0.102881
0.80	0.102985
0.80	0.103069
0.80	0.103131
0.80	0.103235
0.80	0.103277
0.80	0.103381
0.80	0.103506
0.80	0.103589
0.80	0.103715
0.80	0.103798
0.80	0.103902
0.80	0.103985
0.80	0.104047
0.80	0.104172
0.80	0.104276
0.80	0.104338
0.80	0.104421
0.80	0.104525
0.80	0.104586
0.80	0.104690
0.80	0.104752
0.80	0.104814
0.80	0.104875
0.80	0.104979
0.80	0.105083
0.80	0.105165
0.80	0.105206
0.80	0.105309
0.80	0.105350
0.80	0.105433
0.80	0.105536
0.80	0.105597
0.80	0.105659
0.80	0.105741
0.80	0.105803
0.80	0.105864
0.80	0.105904
0.80	0.106008
0.80	0.106131
0.80	0.106193
0.80	0.106275
0.80	0.106378
0.80	0.106481
0.80	0.106563
0.80	0.106644
0.80	0.106726
0.80	0.106829
0.80	0.106911
0.80	0.106951
0.80	0.107033
0.80	0.107094
0.80	0.107176
0.80	0.107257
0.80	0.107297
0.80	0.107379
0.80	0.107461
0.80	0.107521
0.80	0.107582
0.80	0.107643
0.78	0.107745
0.77	0.107826
0.75	0.107908
0.75	0.107989
0.75	0.108071
0.75	0.108152
0.74	0.108212
0.73	0.108294
0.73	0.108396
0.70	0.108518
0.70	0.108620
0.70	0.108742
0.70	0.108824
0.70	0.108905
0.70	0.108965
0.70	0.109046
0.70	0.109106
0.70	0.109228
0.70	0.109288
0.70	0.109349
0.70	0.109429
0.70	0.109510
0.70	0.109591
0.70	0.109692
0.70	0.109793
0.70	0.109895
0.70	0.109975
0.70	0.110035
0.70	0.110136
0.70	0.110237
0.70	0.110318
0.70	0.110398
0.70	0.110458
0.70	0.110559
0.70	0.110639
0.70	0.110761
0.70	0.110862
0.70	0.110962
0.70	0.111104
0.70	0.111184
0.70	0.111264
0.70	0.111324
0.70	0.111383
0.70	0.111463
0.70	0.111564
0.70	0.111623
0.70	0.111703
0.70	0.111783
0.70	0.111883
0.70	0.111984
0.70	0.112104
0.70	0.112246
0.70	0.112366
0.70	0.112446
0.70	0.112526
0.70	0.112585
0.70	0.112685
0.70	0.112805
0.70	0.112864
0.70	0.112944
0.70	0.113023
0.70	0.113102
0.70	0.113161
0.70	0.113240
0.70	0.113340
0.70	0.113440
0.70	0.113560
0.70	0.113619
0.70	0.113739
0.70	0.113838
0.70	0.113917
0.70	0.113976
0.70	0.114096
0.70	0.114175
0.70	0.114254
0.70	0.114353
0.70	0.114432
0.70	0.114511
0.70	0.114610
0.70	0.114709
0.70	0.114788
0.70	0.114887
0.70	0.115006
0.70	0.115085
0.70	0.115163
0.70	0.115242
0.70	0.115320
0.70	0.115419
0.70	0.115538
0.70	0.115617
0.70	0.115695
0.70	0.115773
0.70	0.115831
0.70	0.115910
0.70	0.115988
0.70	0.116086
0.70	0.116164
0.70	0.116283
0.70	0.116341
0.70	0.116419
0.70	0.116497
0.70	0.116616
0.70	0.116734
0.70	0.116812
0.70	0.116890
0.70	0.116968
0.70	0.117046
0.70	0.117124
0.70	0.117181
0.70	0.117299
0.70	0.117357
0.70	0.117435
0.70	0.117532
0.70	0.117610
0.70	0.117708
0.70	0.117785
0.70	0.117843
0.70	0.117900
0.70	0.118018
0.70	0.118075
0.70	0.118173
0.70	0.118250
0.70	0.118348
0.70	0.118425
0.70	0.118522
0.70	0.118599
0.70	0.118697
0.70	0.118794
0.70	0.118851
0.70	0.118928
0.70	0.119025
0.70	0.119102
0.70	0.119200
0.70	0.119297
0.70	0.119394
0.70	0.119491
0.70	0.119568
0.70	0.119645
0.69	0.119721
0.69	0.119778
0.67	0.119875
0.67	0.119992
0.66	0.120069
0.66	0.120145
0.66	0.120222
0.65	0.120278
0.65	0.120355
0.65	0.120411
0.63	0.120528
0.62	0.120604
0.62	0.120701
0.61	0.120777
0.60	0.120894
0.60	0.120970
0.60	0.121046
0.60	0.121123
0.60	0.121199
0.60	0.121295
0.60	0.121431
0.60	0.121508
0.60	0.121624
0.60	0.121720
0.60	0.121816
0.60	0.121912
0.60	0.122028
0.60	0.122104
0.60	0.122180
0.60	0.122276
0.60	0.122392
0.60	0.122508
0.60	0.122583
0.60	0.122659
0.60	0.122755
0.60	0.122870
0.60	0.122946
0.60	0.123021
0.60	0.123117
0.60	0.123233
0.60	0.123308
0.60	0.123403
0.60	0.123499
0.60	0.123614
0.60	0.123729
0.60	0.123805
0.60	0.123900
0.60	0.124055
0.60	0.124150
0.60	0.124225
0.60	0.124321
0.60	0.124456
0.60	0.124571
0.60	0.124685
0.60	0.124760
0.60	0.124855
0.60	0.124930
0.60	0.125045
0.60	0.125160
0.60	0.125234
0.60	0.125309
0.60	0.125384
0.60	0.125459
0.60	0.125553
0.60	0.125648
0.60	0.125742
0.60	0.125857
0.60	0.125971
0.60	0.126045
0.60	0.126120
0.60	0.126194
0.60	0.126289
0.60	0.126383
0.60	0.126477
0.60	0.126611
0.60	0.126705
0.60	0.126779
0.60	0.126893
0.60	0.126987
0.60	0.127081
0.60	0.127195
0.60	0.127289
0.60	0.127383
0.60	0.127457
0.60	0.127531
0.60	0.127625
0.60	0.127718
0.60	0.127812
0.60	0.127906
0.60	0.127979
0.60	0.128073
0.60	0.128167
0.60	0.128260
0.60	0.128353
0.60	0.128427
0.60	0.128520
0.60	0.128634
0.60	0.128727
0.60	0.128800
0.60	0.128894
0.60	0.129007
0.60	0.129080
0.60	0.129153
0.60	0.129247
0.60	0.129320
0.60	0.129413
0.60	0.129486
0.60	0.129579
0.60	0.129652
0.60	0.129765
0.60	0.129838
0.60	0.129931
0.60	0.130043
0.60	0.130136
0.60	0.130209
0.60	0.130302
0.60	0.130375
0.60	0.130467
0.60	0.130580
0.60	0.130672
0.60	0.130745
0.60	0.130837
0.60	0.130910
0.60	0.130983
0.60	0.131075
0.60	0.131187
0.60	0.131299
0.60	0.131391
0.60	0.131484
0.60	0.131596
0.60	0.131668
0.60	0.131740
0.60	0.131832
0.60	0.131944
0.60	0.132036
0.60	0.132148
0.60	0.132240
0.60	0.132332
0.60	0.132404
0.60	0.132476
0.60	0.132587
0.60	0.132699
0.60	0.132771
0.60	0.132862
0.60	0.132993
0.60	0.133124
0.60	0.133235
0.60	0.133346
0.60	0.133438
0.60	0.133510
0.57	0.133601
0.57	0.133712
0.57	0.133784
0.56	0.133875
0.55	0.133947
0.55	0.134018
0.55	0.134110
0.55	0.134181
0.55	0.134272
0.55	0.134383
0.55	0.134454
0.55	0.134565
0.54	0.134636
0.53	0.134727
0.53	0.134818
0.53	0.134909
0.52	0.135020
0.51	0.135110
0.50	0.135201
0.50	0.135272
0.50	0.135363
0.50	0.135473
0.50	0.135564
0.50	0.135674
0.50	0.135764
0.50	0.135855
0.50	0.135965
0.50	0.136055
0.50	0.136146
0.50	0.136236
0.50	0.136326
0.50	0.136456
0.50	0.136585
0.50	0.136695
0.50	0.136785
0.50	0.136894
0.50	0.136984
0.50	0.137074
0.50	0.137203
0.50	0.137313
0.50	0.137422
0.50	0.137512
0.50	0.137602
0.50	0.137692
0.50	0.137782
0.50	0.137910
0.50	0.138019
0.50	0.138129
0.50	0.138238
0.50	0.138347
0.50	0.138456
0.50	0.138584
0.50	0.138693
0.50	0.138802
0.50	0.138930
0.50	0.139019
0.50	0.139109
0.50	0.139237
0.50	0.139365
0.50	0.139493
0.50	0.139601
0.50	0.139690
0.50	0.139799
0.50	0.139907
0.50	0.139996
0.50	0.140085
0.50	0.140193
0.50	0.140282
0.50	0.140391
0.50	0.140518
0.50	0.140607
0.50	0.140696
0.50	0.140804
0.50	0.140892
0.50	0.141000
0.50	0.141108
0.50	0.141216
0.50	0.141305
0.50	0.141413
0.50	0.141501
0.50	0.141590
0.50	0.141678
0.50	0.141766
0.50	0.141855
0.50	0.141962
0.50	0.142070
0.50	0.142158
0.50	0.142246
0.50	0.142334
0.50	0.142442
0.50	0.142530
0.50	0.142676
0.50	0.142764
0.50	0.142871
0.50	0.142959
0.50	0.143047
0.50	0.143154
0.50	0.143261
0.50	0.143349
0.50	0.143456
0.50	0.143563
0.50	0.143650
0.50	0.143757
0.50	0.143845
0.50	0.143932
0.50	0.144058
0.50	0.144146
0.50	0.144253
0.50	0.144359
0.50	0.144447
0.50	0.144534
0.50	0.144660
0.50	0.144766
0.50	0.144853
0.50	0.144941
0.50	0.145028
0.50	0.145153
0.50	0.145260
0.50	0.145347
0.50	0.145453
0.50	0.145540
0.50	0.145646
0.50	0.145733
0.50	0.145839
0.50	0.145926
0.50	0.146051
0.50	0.146176
0.50	0.146263
0.50	0.146349
0.50	0.146455
0.50	0.146542
0.50	0.146648
0.50	0.146734
0.50	0.146840
0.50	0.146964
0.50	0.147051
0.50	0.147156
0.50	0.147281
0.50	0.147386
0.50	0.147492
0.50	0.147616
0.50	0.147703
0.50	0.147789
0.50	0.147894
0.50	0.147980
0.50	0.148085
0.50	0.148190
0.50	0.148296
0.50	0.148382
0.50	0.148468
0.50	0.148592
0.50	0.148677
0.50	0.148782
0.50	0.148868
0.50	0.148973
0.50	0.149059
0.50	0.149163
0.50	0.149268
0.50	0.149373
0.48	0.149439
0.48	0.149525
0.48	0.149630
0.47	0.149734
0.45	0.149820
0.45	0.149905
0.45	0.150009
0.45	0.150057
0.45	0.150142
0.45	0.150228
0.44	0.150332
0.43	0.150417
0.43	0.150502
0.43	0.150588
0.43	0.150711
0.41	0.150796
0.41	0.150881
0.40	0.150985
0.40	0.151070
0.40	0.151193
0.40	0.151278
0.40	0.151363
0.40	0.151447
0.40	0.151570
0.40	0.151693
0.40	0.151797
0.40	0.151900
0.40	0.152023
0.40	0.152145
0.40	0.152268
0.40	0.152390
0.40	0.152512
0.40	0.152635
0.40	0.152757
0.40	0.152860
0.40	0.152963
0.40	0.153067
0.40	0.153189
0.40	0.153292
0.40	0.153395
0.40	0.153498
0.40	0.153620
0.40	0.153723
0.40	0.153826
0.40	0.153929
0.40	0.154050
0.40	0.154153
0.40	0.154275
0.40	0.154378
0.40	0.154518
0.40	0.154640
0.40	0.154761
0.40	0.154864
0.40	0.154966
0.40	0.155106
0.40	0.155209
0.40	0.155311
0.40	0.155414
0.40	0.155516
0.40	0.155637
0.40	0.155739
0.40	0.155860
0.40	0.155981
0.40	0.156083
0.40	0.156185
0.40	0.156288
0.40	0.156427
0.40	0.156529
0.40	0.156650
0.40	0.156752
0.40	0.156854
0.40	0.156974
0.40	0.157076
0.40	0.157178
0.40	0.157317
0.40	0.157437
0.40	0.157558
0.40	0.157659
0.40	0.157761
0.40	0.157862
0.40	0.157964
0.40	0.158065
0.40	0.158167
0.40	0.158268
0.40	0.158369
0.40	0.158489
0.40	0.158590
0.40	0.158692
0.40	0.158811
0.40	0.158931
0.40	0.159032
0.40	0.159152
0.40	0.159253
0.40	0.159354
0.40	0.159455
0.40	0.159556
0.40	0.159657
0.40	0.159757
0.40	0.159877
0.40	0.159996
0.40	0.160097
0.40	0.160198
0.40	0.160317
0.40	0.160436
0.40	0.160555
0.40	0.160656
0.40	0.160756
0.40	0.160875
0.40	0.160976
0.40	0.161076
0.40	0.161176
0.40	0.161277
0.40	0.161395
0.40	0.161496
0.40	0.161596
0.40	0.161714
0.40	0.161814
0.40	0.161914
0.40	0.162014
0.40	0.162114
0.40	0.162214
0.40	0.162314
0.40	0.162433
0.40	0.162532
0.40	0.162632
0.40	0.162732
0.40	0.162850
0.40	0.162950
0.40	0.163068
0.40	0.163186
0.40	0.163286
0.40	0.163385
0.40	0.163485
0.40	0.163584
0.40	0.163684
0.40	0.163783
0.40	0.163882
0.40	0.163981
0.40	0.164081
0.40	0.164180
0.40	0.164298
0.40	0.164397
0.40	0.164496
0.40	0.164595
0.40	0.164694
0.38	0.164811
0.37	0.164929
0.36	0.165046
0.36	0.165145
0.35	0.165244
0.35	0.165343
0.35	0.165423
0.35	0.165522
0.35	0.165620
0.35	0.165719
0.34	0.165818
0.34	0.165916
0.33	0.166015
0.33	0.166113
0.32	0.166212
0.32	0.166329
0.32	0.166427
0.32	0.166544
0.31	0.166661
0.31	0.166759
0.31	0.166857
0.31	0.166955
0.31	0.167072
0.31	0.167170
0.30	0.167268
0.30	0.167385
0.30	0.167483
0.30	0.167580
0.30	0.167678
0.30	0.167776
0.30	0.167893
0.30	0.167990
0.30	0.168088
0.30	0.168186
0.30	0.168302
0.30	0.168400
0.30	0.168516
0.30	0.168632
0.30	0.168748
0.30	0.168864
0.30	0.168961
0.30	0.169059
0.30	0.169156
0.30	0.169272
0.30	0.169387
0.30	0.169503
0.30	0.169619
0.30	0.169734
0.30	0.169850
0.30	0.169965
0.30	0.170081
0.30	0.170196
0.30	0.170311
0.30	0.170427
0.30	0.170542
0.30	0.170657
0.30	0.170772
0.30	0.170887
0.30	0.171003
0.30	0.171118
0.30	0.171233
0.30	0.171348
0.30	0.171463
0.30	0.171577
0.30	0.171692
0.30	0.171807
0.30	0.171922
0.30	0.172037
0.30	0.172151
0.30	0.172266
0.30	0.172380
0.30	0.172495
0.30	0.172628
0.30	0.172742
0.30	0.172857
0.30	0.172971
0.30	0.173085
0.30	0.173200
0.30	0.173314
0.30	0.173428
0.30	0.173542
0.30	0.173656
0.30	0.173770
0.30	0.173885
0.30	0.173999
0.30	0.174113
0.30	0.174226
0.30	0.174340
0.30	0.174454
0.30	0.174568
0.30	0.174682
0.30	0.174795
0.30	0.174909
0.30	0.175023
0.30	0.175136
0.30	0.175250
0.30	0.175363
0.30	0.175477
0.30	0.175590
0.30	0.175704
0.30	0.175817
0.30	0.175930
0.30	0.176044
0.30	0.176157
0.30	0.176270
0.30	0.176401
0.30	0.176514
0.30	0.176627
0.30	0.176740
0.30	0.176853
0.30	0.176966
0.30	0.177079
0.30	0.177192
0.30	0.177305
0.30	0.177436
0.30	0.177548
0.30	0.177661
0.30	0.177774
0.30	0.177886
0.30	0.177999
0.30	0.178111
0.30	0.178224
0.30	0.178336
0.30	0.178449
0.30	0.178561
0.30	0.178673
0.30	0.178786
0.30	0.178898
0.30	0.179028
0.30	0.179158
0.30	0.179270
0.30	0.179383
0.30	0.179495
0.30	0.179607
0.30	0.179719
0.30	0.179830
0.30	0.179942
0.30	0.180054
0.30	0.180166
0.30	0.180296
0.30	0.180407
0.30	0.180519
0.30	0.180631
0.30	0.180742
0.30	0.180854
0.30	0.180965
0.30	0.181077
0.30	0.181188
0.27	0.181317
0.27	0.181411
0.27	0.181504
0.25	0.181597
0.25	0.181709
0.23	0.181820
0.23	0.181931
0.23	0.182042
0.22	0.182171
0.22	0.182282
0.21	0.182393
0.21	0.182504
0.21	0.182633
0.20	0.182744
0.20	0.182855
0.20	0.182983
0.20	0.183094
0.20	0.183223
0.20	0.183333
0.20	0.183444
0.20	0.183555
0.20	0.183665
0.20	0.183776
0.20	0.183886
0.20	0.183996
0.20	0.184107
0.20	0.184217
0.20	0.184327
0.20	0.184456
0.20	0.184584
0.20	0.184712
0.20	0.184822
0.20	0.184932
0.20	0.185042
0.20	0.185152
0.20	0.185262
0.20	0.185372
0.20	0.185500
0.20	0.185627
0.20	0.185755
0.20	0.185883
0.20	0.186010
0.20	0.186138
0.20	0.186265
0.20	0.186393
0.20	0.186520
0.20	0.186648
0.20	0.186775
0.20	0.186902
0.20	0.187029
0.20	0.187157
0.20	0.187284
0.20	0.187411
0.20	0.187538
0.20	0.187665
0.20	0.187792
0.20	0.187919
0.20	0.188046
0.20	0.188172
0.20	0.188299
0.20	0.188426
0.20	0.188553
0.20	0.188679
0.20	0.188806
0.20	0.188932
0.20	0.189059
0.20	0.189185
0.20	0.189312
0.20	0.189438
0.20	0.189564
0.20	0.189691
0.20	0.189817
0.20	0.189943
0.20	0.190069
0.20	0.190195
0.20	0.190321
0.20	0.190447
0.20	0.190573
0.20	0.190699
0.20	0.190825
0.20	0.190951
0.20	0.191077
0.20	0.191203
0.20	0.191328
0.20	0.191454
0.20	0.191580
0.20	0.191705
0.20	0.191831
0.20	0.191956
0.20	0.192081
0.20	0.192207
0.20	0.192332
0.20	0.192458
0.20	0.192583
0.20	0.192708
0.20	0.192833
0.20	0.192958
0.20	0.193083
0.20	0.193208
0.20	0.193333
0.20	0.193458
0.20	0.193583
0.20	0.193708
0.20	0.193833
0.20	0.193958
0.20	0.194082
0.20	0.194207
0.20	0.194332
0.20	0.194456
0.20	0.194581
0.20	0.194705
0.20	0.194830
0.20	0.194954
0.20	0.195078
0.20	0.195203
0.20	0.195327
0.15	0.195434
0.15	0.195540
0.15	0.195664
0.15	0.195789
0.15	0.195913
0.15	0.196037
0.15	0.196161
0.13	0.196285
0.13	0.196408
0.13	0.196532
0.12	0.196656
0.12	0.196780
0.11	0.196904
0.11	0.197027
0.11	0.197151
0.10	0.197274
0.10	0.197398
0.10	0.197522
0.10	0.197645
0.10	0.197768
0.10	0.197892
0.10	0.198015
0.10	0.198138
0.10	0.198262
0.10	0.198385
0.10	0.198508
0.10	0.198631
0.08	0.198737
0.05	0.198860
0.00	0.199000
0.00	0.199141
0.00	0.199281
0.00	0.199421
0.00	0.199562
0.00	0.199702
0.00	0.199842
0.00	0.199982
0.00	0.200123
0.00	0.200263
0.00	0.200403
0.00	0.200543
0.00	0.200683
0.00	0.200823
0.00	0.200962
0.00	0.201102
0.00	0.201242
0.00	0.201382
0.00	0.201521
0.00	0.201661
0.00	0.201800
0.00	0.201940
